"datasetNO" "ID" "gender" "age" "ethnic" "edu" "SES" "objSES" "subSES" "abroad" "abroad_c" "abroad_t" "FD1" "SD2" "UP3" "FW4" "FD5" "SD6" "UP7" "FW8" "FD9" "SD10" "UP11" "FW12" "FD13" "SD14" "UP15" "FW16" "FD17" "SD18" "UP19" "UP20" "FW21" "SD22" "FW23" "SD24" "UP25" "FW26" "UP27" "BFI1" "BFI2" "BFI3" "BFI4" "BFI5" "BFI6" "BFI7" "BFI8" "BFI9" "BFI10" "BFI11" "BFI12" "BFI13" "BFI14" "BFI15" "BFI16" "BFI17" "BFI18" "BFI19" "BFI20" "BFI21" "BFI22" "BFI23" "BFI24" "BFI25" "BFI26" "BFI27" "BFI28" "BFI29" "BFI30" "BFI31" "BFI32" "BFI33" "BFI34" "BFI35" "BFI36" "BFI37" "BFI38" "BFI39" "BFI40" "BFI41" "BFI42" "BFI43" "BFI44" "BFI45" "BFI46" "BFI47" "BFI48" "BFI49" "BFI50" "BFI51" "BFI52" "BFI53" "BFI54" "BFI55" "BFI56" "BFI57" "BFI58" "BFI59" "BFI60" "MLOC1" "MLOC2" "MLOC3" "MLOC4" "MLOC5" "MLOC6" "MLOC7" "MLOC8" "MLOC9" "MLOC10" "MLOC11" "MLOC12" "MLOC13" "MLOC14" "MLOC15" "MLOC16" "MLOC17" "MLOC18" "MLOC19" "MLOC20" "MLOC21" "MLOC22" "MLOC23" "MLOC24" "FD" "SD" "UP" "FW" "CHN_MLOC_6_I" "CHN_MLOC_6_P" "CHN_MLOC_6_C"
"1" 9 6185 "男" "2000.02" "汉族" "大专（含大专毕业或未毕业）" 10000 4 3 "否" "" "" 5 4 4 4 5 4 4 4 4 4 4 5 4 2 2 5 5 5 5 5 5 5 5 5 5 5 5 2 5 5 2 4 2 5 5 2 5 4 4 4 4 5 5 2 5 5 2 4 4 2 2 4 2 4 4 2 2 4 4 4 4 2 2 4 4 4 4 2 2 4 2 2 4 4 2 2 4 4 4 4 4 2 5 4 4 4 4 3 1 3 -2 1 1 -2 1 2 2 -2 3 -3 1 2 3 3 2 2 3 2 3 -1 3 4.6 4.14285714285714 4.25 4.71428571428571 33 34 36
"2" 9 697 "女" "2004.03" "汉族" "本科（含本科在读）" 14000 4 4 "否" "" "" 3 4 2 2 2 4 4 5 4 2 4 3 4 4 5 4 3 4 4 3 2 4 5 4 2 2 4 4 5 4 2 4 4 5 5 4 5 2 1 5 1 4 2 1 3 4 1 2 2 1 4 2 2 4 1 4 2 3 4 5 2 1 2 1 4 3 2 4 2 5 4 1 4 4 2 4 5 4 5 4 1 4 4 5 1 1 3 2 -2 -2 1 2 -2 2 1 2 -1 -2 -2 1 2 -1 -2 -1 -2 1 -1 1 -1 2 -2 3.2 3.71428571428571 3.5 3.28571428571429 33 18 17
"4" 9 6162 "女" "2004.01" "汉族" "本科（含本科在读）" 3000 3 2 "否" "" "" 4 5 5 1 2 3 4 5 4 4 4 3 5 4 4 5 5 4 4 5 1 4 5 2 4 2 4 2 5 4 2 4 3 5 4 4 5 5 1 4 3 4 5 1 3 4 2 2 2 4 4 2 1 5 4 3 2 5 4 4 2 3 2 3 5 2 2 4 1 4 5 3 2 4 3 4 5 5 5 4 2 4 4 5 4 2 4 1 2 -1 -3 -1 2 -2 2 2 3 -1 2 3 -1 1 2 3 -2 -1 -3 3 1 2 -2 4 3.71428571428571 4.25 3.14285714285714 25 29 30
"5" 9 6286 "女" "2000.08" "汉族" "硕士（含硕士在读）" 20000 6 6 "否" "" "" 2 4 2 4 3 4 4 4 2 4 2 4 2 4 3 4 4 4 4 4 4 2 4 4 2 4 4 4 4 2 3 3 4 4 4 4 4 2 4 4 5 4 3 2 4 4 2 2 4 2 3 2 4 3 1 2 2 4 4 4 2 2 2 2 4 2 4 4 2 4 2 2 4 2 2 3 4 4 4 4 2 3 4 3 2 4 4 2 1 1 2 1 1 -1 1 2 -1 1 1 1 -3 1 -1 1 1 1 2 2 1 2 -2 2.6 3.71428571428571 3.125 4 37 33 19
"6" 9 696 "女" "2003.02" "汉族" "本科（含本科在读）" 14000 3 4 "否" "" "" 2 2 2 2 1 2 2 1 2 2 2 2 2 4 4 2 4 5 2 4 2 4 4 2 2 2 2 4 5 2 2 5 2 5 4 4 4 5 1 4 2 2 4 1 4 5 1 2 1 2 5 4 2 5 2 4 5 4 4 4 4 2 3 1 4 4 2 4 2 4 4 5 2 2 2 2 4 3 5 4 3 5 4 5 2 1 2 2 -1 2 1 1 1 -2 1 2 1 1 -1 1 -2 1 2 2 -1 1 1 3 1 2 1 2.2 3 2.5 2.14285714285714 35 34 23
"7" 9 6122 "男" "2003.12" "汉族" "本科（含本科在读）" 10000 4 5 "否" "" "" 2 3 3 3 2 2 4 4 2 2 3 4 2 4 3 4 3 4 4 4 3 3 4 4 3 3 4 3 4 2 4 2 4 4 2 4 4 2 2 4 3 3 4 2 4 3 3 2 3 2 3 4 3 3 2 4 2 2 4 4 3 4 3 4 3 4 4 4 2 3 4 3 3 2 2 4 4 4 4 4 4 4 3 3 2 2 3 1 -1 -1 1 1 -1 1 1 1 1 -1 1 -1 -1 1 1 -1 -1 1 1 1 -1 1 -1 2.2 3.14285714285714 3.5 3.57142857142857 30 22 24
"8" 9 6298 "男" "2004.02" "汉族" "本科（含本科在读）" 25000 7 6 "否" "" "" 4 4 3 4 2 4 4 5 4 4 4 5 2 4 4 5 4 4 4 4 4 3 5 4 4 4 3 2 4 4 4 3 4 5 4 4 5 3 2 4 4 4 5 2 4 4 3 2 3 2 4 4 3 4 4 4 2 4 4 4 5 3 4 3 4 4 4 4 3 4 3 2 2 4 2 2 3 4 4 4 4 3 4 5 4 3 4 2 2 1 1 1 2 2 2 1 2 2 2 2 1 2 1 2 2 2 1 1 1 2 2 3.2 3.85714285714286 3.75 4.57142857142857 36 37 38
"9" 9 6135 "男" "1999.07" "汉族" "本科（含本科在读）" 11000 4 4 "否" "" "" 2 4 3 2 3 2 3 5 4 2 5 4 2 4 3 5 4 4 2 5 4 3 5 4 4 4 3 2 5 2 4 2 4 5 5 4 4 2 2 5 1 4 5 1 4 3 2 1 2 2 4 4 2 4 2 5 2 5 5 4 2 4 4 2 5 2 3 5 2 5 5 3 2 2 1 4 3 4 5 5 1 3 5 5 2 1 4 3 -2 -2 2 1 2 -1 2 3 2 1 1 1 2 1 3 -2 1 1 -2 2 2 2 1 3 3.28571428571429 3.5 4.14285714285714 39 25 32
"10" 9 635 "女" "2002.06" "汉族" "本科（含本科在读）" 23000 5 7 "否" "" "" 3 5 5 4 1 4 5 5 2 4 2 5 1 4 2 5 4 4 5 4 4 4 5 3 3 4 5 4 5 2 4 1 4 5 2 4 5 2 1 4 2 5 3 1 4 2 4 4 2 1 4 1 2 5 2 1 1 3 4 5 2 4 2 1 4 2 5 4 1 4 5 2 2 1 1 2 1 3 4 5 1 2 4 5 2 1 4 3 2 2 2 2 -2 -3 -3 2 -2 -3 -1 -3 -2 -2 -2 -3 1 2 2 2 1 2 -3 2.2 4 3.875 4.57142857142857 40 15 11
"11" 9 698 "男" "2002.12" "汉族" "本科（含本科在读）" 12000 6 7 "否" "" "" 1 5 4 5 1 4 5 4 1 1 4 5 1 4 5 5 4 5 5 5 4 4 5 5 4 5 5 5 4 2 5 5 5 5 1 5 5 2 2 5 2 5 5 1 5 2 2 5 4 2 5 2 1 5 1 5 1 2 5 5 2 2 4 1 5 2 5 5 2 5 5 1 5 2 1 4 4 1 5 5 2 4 5 5 2 4 5 2 -1 3 -2 2 1 3 2 2 3 1 -2 2 3 2 2 2 3 3 3 2 2 3 -2 1.6 4 4.625 4.71428571428571 39 41 31
"12" 9 621 "男" "2002.1" "汉族" "本科（含本科在读）" 8000 6 5 "否" "" "" 4 5 3 4 2 4 4 5 4 3 4 5 2 4 4 5 3 4 5 5 4 5 5 3 4 5 4 5 4 2 3 2 4 5 2 4 5 2 2 4 2 4 4 2 5 4 5 4 2 2 5 2 2 4 2 4 4 3 5 5 5 5 4 2 5 2 5 5 3 4 5 2 5 2 1 4 1 3 4 5 2 2 5 5 2 2 5 3 3 3 3 2 -2 3 1 1 2 1 1 2 -1 1 -1 1 2 3 3 2 2 1 2 3 4 4.125 4.71428571428571 41 38 31
"13" 9 608 "男" "2003.04" "汉族" "本科（含本科在读）" 20000 5 4 "否" "" "" 2 3 2 1 1 2 4 5 3 3 4 2 4 4 4 5 4 3 4 4 3 4 5 2 2 2 5 1 4 4 5 2 4 5 5 2 3 3 2 5 3 4 5 2 4 4 3 3 4 2 4 1 2 3 3 2 1 4 3 5 4 3 1 4 4 3 4 5 2 4 3 2 3 2 1 3 1 2 4 5 4 2 5 5 4 3 4 1 -2 -2 1 3 -1 1 2 3 1 -2 -1 -2 -1 -1 1 -2 -2 2 -1 1 2 2 -2 2.8 3 3.625 3.28571428571429 35 18 20
"14" 9 636 "男" "200210" "汉族" "本科（含本科在读）" 15000 5 5 "否" "" "" 2 4 4 4 2 2 4 5 2 2 4 3 2 4 4 5 2 4 4 4 5 4 5 3 4 4 5 4 4 2 4 2 4 5 5 4 5 2 1 4 2 5 4 2 4 2 3 4 2 1 4 2 2 4 2 4 2 3 4 4 2 4 2 2 4 2 4 4 2 4 5 2 4 2 2 4 2 2 4 5 2 2 4 5 2 1 4 1 -1 -1 1 2 -2 -1 -2 1 1 -1 2 -1 -2 -1 2 -1 2 1 -1 2 1 2 -1 2 3.28571428571429 4.125 4.42857142857143 36 17 22
"17" 9 6192 "女" "1999.04" "汉族" "硕士（含硕士在读）" 15000 4 3 "否" "" "" 2 3 2 3 2 2 4 4 2 2 4 3 2 4 4 4 4 4 4 4 2 4 5 3 3 3 4 1 4 2 3 1 2 4 3 4 4 3 2 4 1 2 5 2 3 3 5 2 2 3 2 2 4 3 2 4 2 5 4 2 4 5 3 2 4 4 4 3 3 4 4 2 3 3 3 2 1 4 4 3 3 2 3 3 2 1 3 1 -1 -1 1 -1 -1 -1 -1 -1 -1 -1 1 1 -1 -1 -1 1 1 1 1 2 1 1 -1 2.4 3.14285714285714 3.625 3.42857142857143 29 24 18
"18" 9 6190 "男" "2000.08" "汉族" "本科（含本科在读）" 25000 5 5 "否" "" "" 3 4 4 2 2 4 4 5 4 3 3 4 2 4 4 4 4 4 4 4 4 4 5 2 2 4 5 4 4 2 4 2 4 4 2 5 4 4 2 5 1 4 2 1 3 5 3 4 2 2 4 3 2 4 2 4 2 2 4 5 4 4 2 3 4 2 5 4 2 4 4 2 4 2 1 4 2 3 4 5 2 4 4 4 2 1 4 2 -1 2 2 2 3 -2 2 2 2 -1 2 2 2 1 -2 -1 1 2 1 2 2 1 -1 3 3.57142857142857 3.75 4 38 32 27
"19" 9 609 "男" "2000.09" "汉族" "本科（含本科在读）" 2000 8 6 "否" "" "" 1 3 2 1 1 4 5 5 2 2 5 5 1 4 5 5 4 5 5 3 4 3 4 3 4 4 4 3 4 1 4 1 4 5 2 5 5 1 2 4 2 4 3 1 4 1 3 1 1 1 3 1 2 4 1 4 1 3 4 4 5 5 4 1 4 2 5 4 1 5 5 1 3 1 1 4 1 1 4 5 2 2 5 5 1 1 5 1 -3 -3 -3 1 -3 -3 -3 -3 -3 -3 -3 -3 -1 -3 1 -3 1 3 -3 2 2 2 -3 1.8 3.42857142857143 4.125 4 28 5 6
"20" 9 641 "男" "2002.7" "汉族" "本科（含本科在读）" 19000 5 6 "否" "" "" 2 2 3 4 1 4 5 4 4 5 5 5 2 3 5 5 4 5 4 3 5 3 4 4 3 3 5 4 5 2 4 1 4 5 2 4 4 2 1 4 2 5 4 2 5 3 5 4 2 2 4 2 2 4 2 5 1 4 5 4 2 5 2 1 4 2 4 4 2 5 4 2 2 1 1 2 2 4 4 5 2 1 4 5 2 2 5 2 2 2 2 2 -2 -1 -2 2 1 -1 1 -2 -2 -3 -1 -2 1 3 2 2 -2 3 -2 2.6 3.71428571428571 4.125 4.28571428571429 41 16 20
"21" 9 632 "女" "2003.04" "汉族" "本科（含本科在读）" 50000 3 2 "否" "" "" 4 4 3 2 4 2 3 4 4 4 4 2 4 4 4 4 3 5 4 4 3 3 4 4 4 2 4 4 5 4 1 3 2 5 5 1 3 3 2 4 5 3 2 1 2 5 3 2 3 5 1 3 4 4 5 5 3 4 4 3 5 3 4 3 2 4 4 2 4 3 1 3 4 2 4 1 3 4 4 3 5 3 4 3 5 5 3 1 2 1 1 -1 3 2 2 2 2 1 1 3 -1 2 2 2 -2 -1 1 1 2 1 -3 3.8 3.71428571428571 3.75 3 26 38 32
"22" 9 6255 "男" "200209" "汉族" "本科（含本科在读）" 10000 5 5 "否" "" "" 2 2 4 3 2 4 3 4 2 3 4 4 2 4 2 4 4 5 4 4 5 4 5 3 4 3 3 4 3 2 3 2 4 4 3 3 4 4 2 3 3 4 3 2 3 3 3 4 2 3 4 2 2 3 3 4 2 3 3 3 3 4 3 3 4 2 3 4 4 4 4 2 3 3 2 3 2 2 4 4 2 2 4 4 3 2 3 1 2 1 2 2 -2 -1 -1 2 1 -1 -2 -1 -2 1 1 -2 -1 2 -1 1 1 2 -1 2.4 3.57142857142857 3.5 4 35 21 20
"23" 9 6201 "男" "2001.1" "汉族" "本科（含本科在读）" 30000 5 5 "否" "" "" 2 4 5 4 1 5 4 5 2 2 4 4 2 4 2 4 2 5 4 5 4 4 5 4 4 5 4 4 5 2 5 2 4 5 1 4 5 2 1 4 2 5 4 2 4 1 2 4 2 2 4 2 2 4 1 4 2 2 4 5 2 4 2 1 4 2 5 4 2 4 5 1 4 2 1 4 2 4 5 4 2 1 4 5 4 2 4 1 -2 -3 2 1 -2 -1 -2 2 -2 -3 -2 -2 -3 -2 1 -3 1 2 -1 1 -2 2 -2 1.8 4 4 4.42857142857143 36 6 11
"24" 9 6243 "女" "2002.8" "汉族" "本科（含本科在读）" 26000 5 6 "否" "" "" 1 3 4 5 2 4 5 5 3 2 5 4 1 4 5 4 5 5 5 4 4 3 5 4 4 5 5 4 1 2 5 1 4 5 2 5 4 2 1 4 2 5 4 1 4 2 5 2 1 2 4 1 1 4 2 4 2 4 5 4 1 4 2 1 4 2 4 4 2 4 4 1 2 1 2 1 1 4 5 4 2 1 5 4 2 1 4 3 2 2 2 2 -2 -3 -2 2 1 3 1 -2 -3 -2 2 -2 1 2 2 2 -1 2 1 2.4 3.57142857142857 4.625 4.57142857142857 40 22 23
"25" 9 6149 "女" "199801" "汉族" "硕士（含硕士在读）" 8000 5 4 "否" "" "" 2 2 2 2 2 2 4 4 2 2 2 4 2 4 4 4 1 4 2 2 2 4 4 4 2 4 2 2 4 2 4 5 4 5 2 4 2 4 2 5 1 4 4 2 4 4 2 4 2 2 4 4 2 4 1 5 3 2 4 4 2 2 4 2 4 2 2 4 2 5 5 4 4 2 2 4 4 2 5 4 2 4 4 4 2 2 2 2 -2 -2 -1 2 -1 -1 -1 2 1 -1 -1 -1 -2 -1 -1 -1 -1 1 1 2 -1 2 -2 1.8 3.14285714285714 2.5 3.42857142857143 33 17 15
"26" 9 647 "男" "200210" "汉族" "本科（含本科在读）" 12000 5 5 "否" "" "" 2 4 3 4 2 3 4 4 2 2 4 3 2 3 4 5 3 5 4 5 4 3 5 3 4 5 5 4 5 2 4 2 4 5 2 4 4 2 2 4 2 4 4 2 4 2 5 4 2 2 4 2 2 4 2 4 2 4 5 5 2 4 2 1 4 2 4 4 2 5 5 2 5 2 2 4 2 2 4 5 2 2 4 5 2 2 4 2 -1 -1 2 2 -2 1 -1 2 1 -1 1 -1 -2 -1 1 -1 2 1 -2 1 -1 2 -1 2.2 3.28571428571429 4.125 4.28571428571429 38 15 22
"27" 9 658 "女" "1998.1" "汉族" "硕士（含硕士在读）" 5000 4 4 "否" "" "" 2 2 2 2 2 2 2 4 4 4 2 2 2 4 4 5 5 4 2 5 2 4 4 4 2 2 4 5 5 4 4 4 5 5 4 4 5 1 4 4 4 5 4 4 4 4 2 4 2 4 2 4 2 5 4 4 2 2 4 2 4 4 4 4 2 4 4 4 2 4 4 2 5 4 4 2 4 4 4 2 2 4 4 4 4 5 5 1 1 1 1 -1 1 -1 2 2 1 1 1 2 -1 1 3 -1 -1 1 1 3 2 1 -1 3 3.42857142857143 2.875 3 31 33 28
"28" 9 620 "女" "2000.03" "汉族" "本科（含本科在读）" 3000 2 3 "否" "" "" 2 4 3 4 2 4 2 4 2 2 3 4 4 5 4 5 3 2 4 5 4 4 5 4 2 2 2 4 3 4 5 2 4 4 5 2 4 2 4 3 4 4 2 4 3 4 3 4 4 2 2 2 4 2 4 4 2 3 2 4 2 4 3 3 4 3 4 4 4 2 4 4 2 4 3 2 4 2 2 4 2 3 2 1 4 4 4 2 -2 -1 1 1 -2 -2 2 2 2 -2 2 2 -2 1 2 -2 -1 -1 2 2 2 2 -2 2.6 3.57142857142857 3.125 4 32 28 20
"29" 9 6216 "男" "2001.12" "汉族" "本科（含本科在读）" 3000 3 3 "否" "" "" 4 3 1 4 1 2 5 4 4 3 2 5 1 4 4 5 4 5 2 4 4 4 4 4 2 3 4 4 4 2 4 3 4 4 4 4 5 2 2 4 2 4 4 1 4 4 4 4 4 4 4 2 2 4 2 4 1 3 4 4 4 5 2 2 4 4 5 4 4 5 5 3 4 5 4 2 2 1 4 4 4 4 4 4 2 2 3 2 1 1 1 1 -2 1 2 2 1 2 -1 -1 1 1 1 -1 -2 2 2 2 1 1 -1 2.8 3.57142857142857 3 4.14285714285714 33 31 25
"30" 9 628 "女" "1999.03" "汉族" "本科（含本科在读）" 2000 3 2 "否" "" "" 4 4 5 2 4 4 4 5 4 4 4 2 4 5 4 4 4 4 4 4 2 4 4 4 2 2 2 2 4 5 2 4 2 2 5 2 2 4 4 2 4 2 2 5 2 4 2 2 4 3 2 4 3 3 4 2 4 4 2 2 3 2 4 4 2 4 4 2 5 2 2 4 2 4 4 2 4 4 2 2 4 3 2 2 4 5 4 3 2 3 2 2 3 3 2 3 1 2 -1 2 3 -1 2 2 2 3 2 1 2 2 -2 4 4.14285714285714 3.625 3 42 38 35
"31" 9 655 "男" "2002.08" "汉族" "本科（含本科在读）" 12000 6 4 "否" "" "" 2 3 2 4 1 2 4 3 2 1 4 3 3 2 4 4 2 5 4 4 4 2 4 2 2 3 4 4 4 2 4 2 4 4 2 4 3 2 1 4 1 3 3 2 4 2 3 2 1 1 4 3 1 4 2 4 2 2 4 4 2 3 2 2 4 2 4 4 2 4 4 1 4 1 1 4 2 2 4 4 2 1 4 4 2 1 3 2 -1 2 -1 1 -2 -2 -2 2 1 -2 1 -2 -2 -2 -1 -2 1 2 1 2 -2 2 -1 2 2.42857142857143 3.5 3.57142857142857 35 15 17
"32" 9 699 "男" "2002.02" "汉族" "本科（含本科在读）" 8000 6 6 "否" "" "" 3 3 4 3 2 3 2 4 3 3 4 3 2 3 2 4 3 3 4 3 4 3 4 3 3 4 3 5 5 2 3 3 3 4 2 3 4 3 2 4 3 3 3 2 3 4 3 2 3 2 4 3 2 4 2 3 4 3 4 5 3 4 3 2 4 1 4 3 4 4 3 4 4 2 2 4 3 4 3 3 2 3 3 3 1 3 3 2 -1 2 1 2 -2 -2 1 2 -1 2 1 1 -2 1 1 1 1 2 -1 1 2 -1 -3 2.6 3 3.125 3.71428571428571 34 33 15
"33" 9 6304 "女" "200205" "汉族" "本科（含本科在读）" 40000 6 5 "否" "" "" 2 4 1 3 1 2 5 4 2 2 4 4 2 4 5 5 2 4 4 5 5 3 5 3 2 4 5 4 5 2 5 3 4 5 2 4 2 2 1 4 2 4 2 1 5 2 2 2 2 1 4 3 2 5 1 4 2 2 5 4 2 3 2 1 4 2 4 5 2 5 5 2 4 2 1 5 4 3 5 5 2 2 5 5 1 1 4 3 -2 -3 -2 1 -1 -2 -2 2 1 -3 -2 -2 -2 -3 1 -2 3 2 1 2 -1 3 -2 1.8 3.14285714285714 3.875 4.28571428571429 38 9 15
"34" 9 6183 "男" "2001.07" "汉族" "本科（含本科在读）" 35000 5 6 "否" "" "" 2 3 4 4 2 4 5 4 2 4 2 4 2 4 2 4 2 4 5 4 3 2 4 5 4 5 4 4 5 2 4 1 4 5 2 5 4 2 2 4 1 5 4 2 5 1 4 4 2 1 5 2 2 5 2 5 1 4 5 4 2 5 2 1 5 2 5 4 2 5 4 2 4 2 1 4 2 3 5 5 2 1 4 5 2 1 4 3 -1 3 2 3 -2 -2 -1 1 -2 -3 -2 -1 -2 -2 -3 -1 3 1 -2 2 -2 3 -3 2 3.71428571428571 3.75 4 42 15 7
"35" 9 649 "女" "2002.02" "汉族" "本科（含本科在读）" 15000 4 4 "否" "" "" 2 3 3 4 1 2 4 5 2 2 3 4 1 4 4 3 4 5 2 4 5 3 5 4 1 4 3 5 4 1 4 1 5 5 2 4 5 1 1 4 1 4 1 1 4 4 4 2 1 1 4 1 1 4 1 5 2 2 4 5 4 5 2 1 4 4 5 4 1 4 5 1 5 1 1 2 1 1 5 4 4 1 4 5 1 1 4 2 -1 -1 1 2 3 -3 1 1 1 -1 -3 -1 -3 -1 -2 -1 1 3 1 3 1 3 -3 2 3.28571428571429 3 4.28571428571429 40 22 13
"36" 9 6308 "女" "1998.11" "汉族" "硕士（含硕士在读）" 10000 4 3 "否" "" "" 2 4 4 2 1 2 4 4 2 2 4 2 2 4 3 4 4 4 4 5 3 4 4 3 2 2 3 3 4 3 2 5 2 4 4 3 3 4 3 4 2 2 2 2 3 4 3 3 3 3 2 3 3 3 4 2 4 4 3 3 4 2 2 3 3 4 2 3 2 3 3 4 4 4 2 2 4 2 4 3 3 4 3 3 4 3 2 -1 -1 -1 -2 -1 -1 -3 1 1 1 -1 -1 1 -1 1 1 2 -2 1 -1 3 -1 1 -2 2.2 3.28571428571429 3.625 3 24 25 17
"37" 9 6291 "男" "2003.1" "汉族" "本科（含本科在读）" 10000 4 4 "是" "美国" "3" 3 4 3 4 2 2 2 4 3 3 5 4 1 3 5 5 4 4 5 4 4 2 4 2 4 3 4 4 5 2 4 2 4 5 1 4 4 2 1 4 2 4 4 1 5 2 3 3 2 2 4 2 1 4 2 5 1 3 5 5 2 3 2 2 4 3 5 4 1 5 4 2 4 2 1 3 1 2 5 4 2 2 4 4 1 2 4 2 1 2 2 1 -1 1 1 2 2 3 2 1 3 2 1 1 1 2 1 2 2 2 3 2.6 2.85714285714286 4 4 38 37 36
"38" 9 6250 "女" "1999.12" "汉族" "硕士（含硕士在读）" 6000 4 3 "否" "" "" 2 2 2 4 2 1 4 2 2 1 4 2 2 3 4 4 2 2 4 4 2 3 4 4 4 2 5 2 4 2 2 4 2 4 5 2 2 4 2 4 2 2 4 2 4 4 2 3 2 4 2 4 4 3 4 4 4 4 4 2 2 2 5 2 3 4 2 2 4 3 4 3 2 2 4 2 4 4 4 2 3 4 2 4 2 2 2 1 -1 -1 -1 -1 -1 -1 1 2 -1 -1 -2 1 -1 1 1 -1 -1 1 -1 2 1 -1 -3 2 2.28571428571429 3.875 2.85714285714286 26 24 15
"39" 9 6284 "男" "2002.06" "汉族" "本科（含本科在读）" 20000 3 7 "否" "" "" 1 4 2 4 1 4 1 4 2 4 1 5 1 4 1 5 4 5 2 4 4 5 5 4 2 4 1 5 5 1 5 1 5 5 1 5 5 1 1 5 1 5 5 1 5 1 5 5 1 1 4 1 1 5 1 5 1 3 5 5 1 5 1 1 5 1 5 5 1 5 5 1 5 1 1 5 1 1 5 5 1 1 5 4 1 1 5 3 -3 1 -3 2 -3 -3 2 3 3 1 -3 -2 -3 2 1 2 2 3 -3 3 2 3 -3 1.8 4.28571428571429 1.75 4.42857142857143 40 29 10
"41" 9 670 "男" "1999.12" "汉族" "硕士（含硕士在读）" 16000 4 3 "否" "" "" 1 4 4 2 2 1 2 4 4 3 2 4 3 4 2 5 3 4 2 5 3 5 5 5 3 3 1 2 5 2 4 2 3 5 3 4 4 2 3 5 1 4 5 1 5 3 4 4 2 2 5 3 2 5 1 5 2 4 4 4 4 3 2 1 5 2 3 4 3 5 5 2 2 2 2 2 3 3 5 5 3 3 4 3 1 1 3 1 -1 2 2 2 -1 -2 -2 2 2 2 1 2 -1 -1 1 1 1 1 -1 3 1 2 -1 2.6 3.71428571428571 2.625 3.71428571428571 38 28 22
"42" 9 6107 "男" "2001.05" "汉族" "本科（含本科在读）" 25000 7 7 "否" "" "" 1 2 3 5 1 5 5 5 2 2 5 5 3 4 5 5 1 5 4 4 5 5 5 2 1 5 5 5 5 1 5 1 5 5 1 4 5 1 1 5 1 4 1 1 5 1 3 2 1 1 5 1 1 5 1 5 1 1 5 5 2 4 1 1 5 1 4 5 1 5 5 1 1 1 1 5 1 3 5 5 1 1 5 5 1 1 5 3 -3 -1 3 3 -2 -3 -1 3 2 -3 -3 -2 -2 -1 -1 -3 3 3 -3 3 1 2 -3 1.6 3.57142857142857 4 5 47 11 9
"43" 9 663 "男" "2001.06" "汉族" "本科（含本科在读）" 20000 7 5 "否" "" "" 1 2 2 5 1 4 5 5 1 1 5 4 4 5 4 5 2 4 2 3 5 4 5 2 2 5 5 5 4 1 5 1 5 5 1 5 5 2 1 5 1 5 2 1 5 1 4 2 1 1 5 1 1 5 1 4 1 1 5 5 1 4 2 1 4 1 5 5 1 5 4 1 2 1 1 4 1 4 5 5 1 1 5 5 1 1 5 3 -2 -1 3 3 -3 -2 1 3 1 -3 -3 -2 -2 -1 1 -2 3 3 -3 3 2 3 -3 1.8 3.14285714285714 3.5 4.85714285714286 48 15 11
"44" 9 677 "男" "2001.03" "汉族" "本科（含本科在读）" 18000 5 6 "否" "" "" 2 1 2 5 2 5 5 5 2 2 4 5 4 4 5 5 2 4 3 4 5 5 5 1 2 4 5 5 5 1 5 1 5 5 1 4 5 2 1 5 2 5 2 1 4 1 4 1 1 1 5 1 1 5 1 5 1 1 4 5 1 4 1 1 5 1 5 5 1 5 5 1 1 1 1 5 2 4 5 5 1 1 5 5 1 2 4 2 -2 -1 3 2 -3 -2 -1 3 -1 -1 -3 -2 -3 -1 -1 -1 2 3 -3 3 1 3 -2 2.4 3.14285714285714 3.75 4.85714285714286 45 15 7
"45" 9 6292 "男" "2002.04" "汉族" "本科（含本科在读）" 18000 3 5 "否" "" "" 1 4 1 5 1 4 1 4 1 5 1 5 1 4 1 5 5 5 1 3 5 5 5 4 1 5 1 5 5 1 5 1 5 5 1 5 5 1 1 5 1 5 5 1 5 1 5 5 1 1 5 1 1 5 1 5 1 5 5 5 1 5 1 1 5 1 5 5 1 5 5 1 5 1 1 4 1 1 5 5 1 1 5 5 1 1 5 3 -3 3 3 3 -3 -3 -1 3 3 3 -3 -3 -2 1 1 2 3 3 -3 3 3 3 -3 1.8 4.42857142857143 1.25 4.85714285714286 48 29 11
"46" 9 6288 "女" "2001.1" "汉族" "本科（含本科在读）" 32000 5 6 "否" "" "" 2 1 4 5 2 4 5 4 2 1 5 4 2 5 3 4 2 5 1 4 5 4 5 2 4 5 4 2 4 1 4 2 4 5 2 5 4 2 1 4 2 5 4 2 5 1 4 4 2 1 5 2 1 4 2 2 1 4 5 4 2 5 2 2 4 2 5 4 2 5 4 2 4 2 1 5 2 4 5 4 2 1 4 5 4 2 5 2 -1 -3 2 3 -2 -1 -3 2 -2 -1 -2 -1 -2 -3 1 -1 3 1 -2 3 -1 2 -3 2 3.14285714285714 3.75 4.57142857142857 42 9 12
"47" 9 6110 "男" "200204" "汉族" "本科（含本科在读）" 13000 6 5 "否" "" "" 2 3 4 4 2 3 4 5 2 2 4 3 2 3 4 5 2 4 4 4 5 4 5 3 4 5 5 4 4 2 4 2 4 5 2 4 4 2 1 4 2 4 4 2 4 2 4 4 2 2 4 2 2 4 2 1 2 2 4 5 2 5 2 2 4 2 4 4 2 4 5 2 4 2 2 4 2 2 4 5 2 2 4 5 2 2 4 2 -1 -2 2 2 -1 1 -1 1 1 -1 2 -1 -2 -1 1 -1 2 1 -2 2 -1 2 -1 2 3.14285714285714 4.125 4.57142857142857 38 14 24
"49" 9 6225 "女" "1998.06" "汉族" "硕士（含硕士在读）" 10000 3 2 "否" "" "" 2 2 3 2 2 2 3 3 2 3 4 4 3 4 3 4 3 4 3 4 3 3 4 3 2 3 3 2 4 2 3 2 4 4 5 4 4 3 2 4 4 4 4 2 4 4 3 2 3 5 2 2 3 3 2 2 3 4 3 3 3 4 2 2 3 4 4 2 3 4 2 2 5 2 2 2 2 5 4 3 4 2 3 3 2 4 3 -1 1 1 1 -1 -1 -1 1 -1 -1 1 -1 1 -1 -1 1 -1 -1 1 -1 1 1 1 -1 2.4 3 3.125 3.28571428571429 24 26 20
"50" 9 6294 "男" "2002.11" "汉族" "本科（含本科在读）" 20000 4 6 "否" "" "" 1 4 1 5 1 5 1 5 1 5 1 5 1 5 1 5 5 5 1 3 4 5 5 4 2 4 1 5 5 1 5 1 5 5 1 5 5 1 1 5 1 5 5 1 5 1 5 5 1 1 5 1 1 5 1 5 1 4 5 5 1 5 1 1 5 1 5 5 1 5 4 1 5 1 1 5 1 1 5 5 1 1 5 5 1 1 5 3 -2 3 -3 3 -3 -3 2 2 3 2 -3 -3 -3 2 2 3 2 2 -3 3 3 3 -3 1.8 4.71428571428571 1.375 4.71428571428571 39 33 12
"53" 9 6232 "男" "2001.06" "汉族" "本科（含本科在读）" 2000 6 4 "否" "" "" 3 3 4 4 3 4 4 4 4 2 3 2 3 3 2 4 4 5 3 3 3 4 5 3 4 4 4 4 4 5 2 4 4 3 4 5 5 3 3 4 4 2 4 4 4 1 3 3 4 4 2 4 3 2 3 4 3 2 2 3 4 2 3 4 1 3 5 5 4 3 3 5 2 3 4 4 3 4 2 4 4 5 4 4 5 1 5 -2 -1 2 -2 2 2 3 1 2 3 -2 1 2 -2 -1 1 -3 -2 2 1 2 2 -1 3 3.4 3.42857142857143 3.375 3.71428571428571 25 26 34
"54" 9 694 "女" "1998.07.24" "汉族" "本科（含本科在读）" 10000 5 5 "否" "" "" 3 4 3 4 2 3 5 4 2 3 4 4 2 4 3 4 2 3 3 3 4 2 4 3 2 3 4 4 5 2 4 4 5 5 2 5 3 2 1 5 1 4 3 1 5 2 2 3 2 1 5 3 3 5 1 5 3 2 5 5 1 2 2 1 5 1 3 5 1 5 5 3 3 1 1 4 3 3 5 4 1 3 5 4 1 1 3 2 -2 -2 1 2 -2 -2 -2 2 -1 -2 -2 -1 -3 -1 -1 -2 2 3 -2 3 -1 3 -3 2.2 3.14285714285714 3.375 3.85714285714286 42 11 8
"55" 9 6176 "女" "2002.07" "汉族" "本科（含本科在读）" 15000 6 6 "否" "" "" 2 2 1 4 1 4 1 4 2 2 2 5 1 2 3 5 2 4 2 4 4 4 5 4 2 4 2 2 5 2 4 1 4 5 1 4 5 2 1 4 1 4 4 2 4 4 5 4 1 1 4 1 2 4 1 5 1 4 5 5 4 5 4 1 4 4 4 4 1 4 5 1 4 1 1 2 1 2 4 5 4 1 4 3 1 1 4 2 -2 -2 2 3 -2 -2 -1 3 1 -1 -2 -2 -2 1 -2 -1 1 1 -2 2 -1 2 -2 1.6 3.14285714285714 2.125 4.42857142857143 40 15 11
"56" 9 6193 "女" "199805" "汉族" "本科（含本科在读）" 30000 6 6 "否" "" "" 2 4 4 2 2 4 5 4 2 4 4 2 2 4 5 4 2 4 4 5 2 4 5 3 4 5 4 4 5 2 4 3 4 5 2 4 5 4 2 4 1 4 3 2 4 4 3 3 1 3 5 2 2 3 2 1 1 4 3 4 4 5 4 2 4 2 4 4 2 4 5 2 4 2 1 4 3 4 5 5 2 2 4 5 4 1 4 2 -1 2 3 -2 -1 2 3 -1 2 2 2 -3 -2 1 2 2 -2 2 -1 1 2 2 2 2 3.85714285714286 4.375 3.42857142857143 29 32 30
"57" 9 640 "男" "2001.08" "汉族" "本科（含本科在读）" 4800 6 6 "否" "" "" 3 4 4 3 3 4 5 5 3 4 5 5 2 4 5 5 4 4 5 5 3 3 5 3 3 4 5 5 4 2 4 1 4 5 1 4 5 2 1 5 2 5 3 1 5 1 4 2 1 2 4 2 1 4 2 4 2 3 4 5 2 4 2 1 5 2 4 4 2 4 4 1 1 2 1 4 2 3 4 5 2 2 5 4 2 1 4 2 1 2 -2 -1 -2 -3 1 -1 1 1 -1 1 2 1 1 -2 1 2 -1 3 1 2 -2 3 3.71428571428571 4.625 4.28571428571429 30 28 21
"59" 9 692 "女" "2000.08" "汉族" "本科（含本科在读）" 5000 4 4 "否" "" "" 4 3 4 4 3 4 3 5 3 4 5 4 2 4 4 4 5 4 4 3 4 4 5 4 3 2 3 5 4 2 5 3 5 3 2 4 5 3 2 5 1 4 5 2 4 1 4 5 2 1 4 3 2 5 2 5 3 2 5 4 1 4 2 2 4 2 5 5 2 5 4 2 4 3 2 5 4 3 5 5 3 4 4 5 2 1 4 1 2 1 3 2 3 1 3 2 3 2 1 2 3 2 1 2 1 3 1 1 3 1 2 3.4 3.85714285714286 3.625 4 38 40 40
"60" 9 668 "男" "2002.11" "汉族" "本科（含本科在读）" 6000 4 5 "否" "" "" 4 5 3 3 2 4 4 5 4 3 4 4 3 4 4 4 5 3 4 5 3 4 5 4 4 3 2 5 4 1 4 4 5 3 2 4 5 2 1 4 2 4 4 2 5 2 3 4 1 1 4 4 2 4 2 4 2 1 4 5 2 4 2 1 4 2 5 5 2 4 5 2 3 2 1 4 3 3 5 3 3 3 4 5 2 1 4 2 3 1 1 2 1 2 3 1 3 2 1 2 3 2 3 2 3 2 1 2 3 1 3 3.6 3.85714285714286 3.75 3.85714285714286 38 40 43
"61" 9 6133 "男" "200305" "汉族" "本科（含本科在读）" 4000 5 6 "否" "" "" 2 2 4 4 1 2 5 4 2 1 4 4 1 2 5 4 4 5 4 4 4 2 5 1 4 4 5 4 4 2 4 1 4 5 2 5 4 2 1 4 1 4 2 2 4 2 4 4 1 1 4 1 2 4 2 4 2 2 4 4 1 4 2 1 4 1 4 4 1 4 4 1 4 2 1 4 1 2 4 5 1 1 4 5 1 1 4 3 -2 2 -2 2 -2 -2 -3 2 2 -3 2 -3 -2 -3 2 -2 -3 2 2 2 2 2 -2 2 2.14285714285714 4.375 4.14285714285714 32 16 20
"62" 9 672 "男" "2002.06" "汉族" "本科（含本科在读）" 5600 6 5 "否" "" "" 4 5 4 4 4 5 4 5 4 4 4 5 4 5 3 5 4 5 4 5 3 4 5 4 4 1 2 5 4 2 5 2 5 4 2 4 5 2 1 4 2 5 4 2 5 1 5 4 3 1 5 4 2 5 2 5 2 2 5 4 1 4 2 1 4 2 3 5 2 5 4 1 5 2 1 4 3 2 5 4 2 3 5 4 2 1 5 2 3 1 3 2 3 2 3 2 3 2 3 1 2 3 2 2 3 2 1 2 3 2 2 4 4.57142857142857 3.75 4 42 40 44
"63" 9 6271 "男" "2001.1" "汉族" "本科（含本科在读）" 32800 5 6 "否" "" "" 2 4 3 5 2 4 4 5 1 4 5 4 2 4 5 5 1 4 4 5 3 4 5 4 4 5 4 4 5 2 5 1 5 4 1 4 5 2 1 5 2 5 4 1 5 2 4 4 2 1 5 2 2 5 2 4 1 3 5 4 2 5 2 1 5 2 4 5 2 4 5 2 4 2 1 4 2 2 5 4 2 2 5 4 2 1 4 1 -2 -1 3 3 -2 -1 -3 2 -1 -2 -3 -2 -3 -1 1 -3 3 3 -2 2 -2 3 -2 1.6 4 4.25 4.57142857142857 44 8 11
"65" 9 6266 "男" "1999.03" "汉族" "硕士（含硕士在读）" 150000 6 6 "否" "" "" 3 3 3 2 2 3 3 4 3 3 4 3 2 4 2 4 3 4 3 3 3 3 4 3 3 3 3 3 4 2 3 2 3 4 3 4 4 2 2 4 2 3 4 2 3 3 4 3 2 3 4 2 3 4 2 4 2 3 4 4 3 4 3 2 4 4 4 4 2 4 4 2 3 2 2 3 2 3 4 4 3 2 4 4 2 2 4 1 -1 -2 -1 1 -1 -2 -1 1 1 -1 1 1 1 -1 -1 -1 1 1 1 2 1 1 -1 2.6 3.28571428571429 3 3.28571428571429 31 21 21
"66" 9 662 "女" "2002.09" "汉族" "本科（含本科在读）" 12000 3 3 "否" "" "" 5 4 2 2 4 2 5 5 4 3 5 2 4 4 5 5 3 4 4 5 4 3 4 1 4 2 5 5 4 2 4 5 4 5 1 4 3 3 5 5 2 4 2 2 5 4 2 5 4 2 3 5 4 5 2 4 3 4 5 4 2 2 2 2 5 4 3 2 2 4 4 3 4 2 2 2 5 2 5 5 2 5 4 5 2 2 2 2 -2 2 -2 -1 2 3 -2 3 3 2 3 3 -2 3 3 -2 -2 2 -2 3 -2 1 -2 4 3 4.375 3.42857142857143 30 26 32
"67" 9 6236 "男" "200407" "汉族" "本科（含本科在读）" 20000 4 4 "是" "英国" "4" 4 5 4 4 2 2 4 3 4 4 5 4 4 5 5 4 5 5 4 3 4 5 5 4 4 3 2 5 3 1 4 2 4 5 2 4 5 2 2 5 1 4 3 2 5 1 4 4 1 2 5 3 1 4 1 5 2 3 5 5 1 2 2 1 4 2 5 5 2 4 5 1 5 1 2 4 2 2 5 5 2 1 5 5 1 2 4 3 1 2 3 2 2 2 3 3 2 3 -3 2 3 2 3 3 -1 1 3 2 2 2 1 3.8 4.28571428571429 3.875 3.85714285714286 39 44 35
"68" 9 6194 "女" "2000.02" "汉族" "硕士（含硕士在读）" 20000 6 6 "否" "" "" 4 3 2 4 3 4 4 4 4 3 4 5 2 5 4 5 4 4 4 5 3 5 5 4 3 4 4 4 3 1 3 4 5 3 4 4 4 4 4 5 5 4 2 3 4 5 1 4 3 4 5 4 3 4 2 1 1 3 4 2 5 2 1 4 5 3 3 4 1 4 1 3 4 2 3 4 3 3 4 4 2 3 5 3 2 5 4 1 -2 1 1 2 -1 -1 1 1 2 1 1 -1 -2 2 3 -1 2 1 -1 2 1 3 -2 3.4 4 3.75 4.28571428571429 37 27 22
"69" 9 6141 "男" "2003.02" "汉族" "本科（含本科在读）" 15000 3 4 "否" "" "" 2 4 4 4 2 4 4 4 2 2 4 4 2 4 4 5 2 4 4 4 3 4 4 2 2 2 4 4 4 2 4 2 4 4 2 4 4 4 2 4 2 4 4 2 4 2 4 4 2 2 4 2 2 4 2 4 2 2 4 4 2 4 2 2 4 2 4 4 2 4 4 2 4 2 2 4 2 2 4 4 2 2 4 4 2 2 4 2 -2 -2 -2 1 -2 -2 1 2 -1 -1 2 -2 -2 -1 2 -2 1 2 2 1 -1 2 -2 2 3.42857142857143 3.75 3.71428571428571 33 18 17
"70" 9 6159 "女" "2003.05" "汉族" "本科（含本科在读）" 15000 4 4 "否" "" "" 2 4 3 4 2 4 5 4 2 4 5 4 2 4 5 5 3 4 5 4 4 3 5 2 3 4 5 3 5 2 4 4 4 5 5 4 4 2 3 4 2 4 4 2 4 4 3 1 3 4 5 4 3 4 2 4 2 4 4 5 4 3 4 1 4 3 4 3 2 4 4 2 3 2 1 3 4 4 5 5 3 4 4 4 2 2 4 2 1 -1 1 2 -1 -2 -2 2 -1 -2 -1 -1 -2 -3 1 -1 1 2 1 3 -1 2 -2 2.2 3.57142857142857 4.375 4.28571428571429 39 14 17
"71" 9 6279 "男" "2002.1" "汉族" "本科（含本科在读）" 30000 5 6 "否" "" "" 2 2 4 5 1 4 2 4 1 4 3 4 2 4 5 5 2 5 4 5 2 4 5 4 2 5 4 4 5 2 5 2 4 5 2 5 4 2 1 4 2 5 4 2 5 1 4 4 2 1 5 2 1 4 2 5 2 2 5 5 2 4 2 1 4 2 5 4 2 5 4 1 4 2 1 4 2 2 4 5 2 2 4 5 2 1 4 2 -1 -3 3 1 -3 -3 -1 1 -1 -2 -3 -2 -3 -1 -1 -1 2 3 -2 2 -2 3 -1 1.6 3.85714285714286 3.625 4.28571428571429 41 10 8
"73" 9 6188 "男" "2001.01" "汉族" "本科（含本科在读）" 15000 4 4 "否" "" "" 2 3 4 4 2 2 4 4 2 2 4 3 2 3 4 4 2 3 4 4 4 2 4 2 2 4 4 4 4 2 4 2 4 4 2 4 4 2 1 4 2 4 4 2 4 2 3 4 2 2 4 2 1 4 2 4 2 2 4 4 2 4 2 2 4 2 4 5 2 4 4 2 4 2 2 4 2 2 4 4 2 2 4 4 2 2 4 1 -2 -2 -2 2 -1 -2 -1 1 -2 -2 -2 -1 -1 -1 1 -1 1 1 -1 1 1 2 -1 2 2.42857142857143 3.75 3.85714285714286 31 16 14
"75" 9 644 "女" "1999.04" "汉族" "硕士（含硕士在读）" 10000 6 5 "否" "" "" 3 3 2 3 2 2 4 4 4 2 3 3 2 4 4 4 3 3 3 4 3 3 4 3 2 3 3 2 4 3 3 4 3 4 4 4 3 4 2 4 3 3 4 2 3 3 2 3 2 4 3 3 2 4 3 3 3 4 4 2 4 3 3 2 3 2 3 3 3 4 3 3 4 4 3 2 2 4 4 4 3 3 3 2 2 2 3 1 -1 -1 1 1 -1 -1 1 1 -1 -1 -1 1 -1 -1 1 -1 -1 1 -1 2 -1 1 -1 2.8 2.85714285714286 3.125 3.42857142857143 31 20 18
"76" 9 6293 "女" "2002.07" "汉族" "本科（含本科在读）" 20000 5 7 "否" "" "" 1 4 1 5 1 5 1 4 5 4 1 5 1 5 1 5 4 5 1 5 5 4 5 5 1 5 1 5 5 1 5 1 5 5 1 5 5 1 1 5 1 5 5 1 5 1 5 5 1 1 5 1 1 5 1 5 1 5 5 5 1 5 1 1 5 1 1 5 1 5 5 1 5 1 1 4 1 1 5 5 1 1 5 5 1 1 5 2 -3 2 3 3 -3 2 2 2 3 1 -3 -2 -3 2 2 3 3 2 -3 3 2 2 -3 2.4 4.57142857142857 1.5 4.85714285714286 44 31 16
"77" 9 6241 "女" "1999.09" "汉族" "硕士（含硕士在读）" 5000 5 4 "否" "" "" 2 2 2 2 1 3 4 4 2 2 4 3 2 4 4 4 3 4 4 4 2 2 4 4 2 4 4 2 4 1 4 1 4 4 2 5 4 2 1 4 1 4 5 1 4 3 4 2 2 1 4 1 2 4 1 4 2 4 4 4 2 4 2 2 4 2 4 4 2 4 4 2 2 2 1 4 2 5 4 5 2 2 4 4 1 1 4 1 -1 -2 -1 1 -1 -1 -1 2 1 -1 -1 1 -1 -1 1 -2 -1 1 1 2 1 2 -2 2 3 3.5 3.28571428571429 31 20 19
"78" 9 6163 "女" "2001.1" "汉族" "本科（含本科在读）" 36000 5 6 "否" "" "" 2 1 2 5 2 4 5 4 1 2 4 5 2 4 5 4 2 5 4 5 4 3 4 5 4 5 4 2 5 1 5 2 4 5 2 5 4 2 1 4 2 5 4 2 5 2 4 4 2 1 5 1 2 5 2 4 1 4 5 5 2 5 2 1 5 2 5 5 2 5 4 2 4 2 1 4 2 2 4 5 2 1 4 5 2 1 5 2 -2 -3 3 2 -2 -3 -1 3 -2 -3 -1 -3 -2 -1 -2 -3 2 3 -2 3 -2 3 -1 1.8 3.42857142857143 4.125 4.42857142857143 45 6 9
"79" 9 661 "男" "2002.09" "汉族" "本科（含本科在读）" 8000 5 4 "否" "" "" 2 4 4 2 2 3 4 4 2 2 4 4 2 4 4 5 2 5 4 4 3 4 5 2 3 4 4 4 5 2 4 2 4 5 2 4 4 4 1 5 2 4 5 1 4 2 2 4 4 2 5 3 1 4 2 5 2 4 5 4 2 3 2 1 4 2 4 5 2 5 4 2 5 1 2 4 2 2 5 4 2 3 5 4 2 1 4 2 -2 -1 -1 2 -2 1 -1 2 -2 -2 2 -2 -2 -3 1 -1 1 3 2 2 2 3 -2 2 3.42857142857143 3.875 3.85714285714286 38 18 18
"80" 9 6227 "女" "2000.01" "汉族" "硕士（含硕士在读）" 15000 6 6 "否" "" "" 2 4 4 3 2 2 3 3 3 2 4 4 2 4 4 4 3 4 4 4 4 4 4 4 3 4 4 3 5 2 4 2 4 5 2 4 5 2 1 5 3 4 3 1 4 2 3 3 2 1 3 2 1 4 2 2 2 4 5 4 2 4 2 1 4 1 3 4 4 4 3 2 2 1 2 4 2 3 4 4 2 2 4 4 2 2 4 1 -1 -1 -1 2 -1 -2 -1 2 1 -2 -1 -1 -2 -2 -1 -2 -2 1 1 1 1 2 -2 2.4 3.42857142857143 3.75 3.71428571428571 30 17 15
"81" 9 657 "男" "2001.12.20" "汉族" "本科（含本科在读）" 13500 6 5 "否" "" "" 2 3 2 3 1 2 4 2 2 2 4 3 2 3 4 4 2 5 4 3 4 3 4 2 2 3 4 4 4 3 4 3 4 5 2 4 3 2 1 5 1 3 2 1 4 3 3 3 1 1 4 3 1 4 2 4 2 3 4 4 1 3 1 2 4 1 3 4 1 4 4 2 4 2 1 4 2 3 4 4 2 2 4 4 2 2 3 1 -1 2 1 1 -2 -1 -1 2 1 -2 1 -3 -2 -1 1 -1 1 2 1 2 -1 2 -2 1.8 2.85714285714286 3.375 3.28571428571429 36 18 19
"82" 9 617 "男" "2002.09" "汉族" "本科（含本科在读）" 18500 4 5 "否" "" "" 1 4 1 5 1 4 1 5 2 4 1 5 1 5 1 5 5 5 1 5 5 4 5 5 1 4 1 5 5 1 5 1 5 5 1 5 5 1 1 5 1 5 5 1 5 1 5 5 1 1 5 1 1 5 1 5 1 5 5 5 1 5 1 1 5 1 5 5 1 5 5 1 5 1 1 5 1 1 5 5 1 1 5 5 1 1 5 3 -2 3 3 3 -3 -2 2 2 3 3 -3 3 2 3 3 3 1 1 -3 3 3 3 -3 2 4.42857142857143 1.5 4.85714285714286 43 41 19
"83" 9 6137 "男" "2001.02" "汉族" "本科（含本科在读）" 8 4 4 "否" "" "" 3 4 3 4 2 4 3 5 4 4 4 5 2 4 4 5 3 5 4 3 4 4 5 4 3 4 3 2 4 2 4 2 4 5 2 4 4 2 1 4 2 4 2 1 4 2 4 3 1 2 4 2 2 5 2 4 2 3 5 4 2 4 2 1 4 2 4 4 2 5 4 2 2 1 1 2 2 2 4 4 2 2 3 4 2 1 4 3 -1 1 3 2 -1 -2 2 2 2 1 -1 -1 1 1 1 2 3 2 -1 2 1 2 -1 2.8 4.14285714285714 3.375 4.57142857142857 43 30 22
"84" 9 6285 "男" "2001.1" "汉族" "本科（含本科在读）" 6000 4 4 "否" "" "" 2 3 2 2 2 2 3 4 2 3 4 4 2 4 3 4 4 5 4 3 2 4 4 4 2 4 4 4 4 4 3 4 3 4 4 4 3 2 2 4 2 3 3 2 4 4 2 3 2 3 3 2 4 4 3 4 3 4 5 5 4 2 2 2 4 3 4 4 3 4 5 3 5 2 2 2 2 3 4 4 2 3 4 4 3 2 3 1 -1 -1 2 1 -1 -1 -1 2 1 -1 -2 -1 -1 -1 1 -1 1 1 -1 2 1 2 -1 2.4 3.57142857142857 3.125 3.42857142857143 36 18 19
"85" 9 6114 "男" "200308" "汉族" "本科（含本科在读）" 6000 4 4 "否" "" "" 2 2 4 4 1 2 5 4 2 1 2 4 1 4 3 5 2 4 4 3 5 5 4 2 2 4 4 4 4 2 5 2 5 4 2 5 5 2 1 5 2 4 2 1 5 2 4 4 1 2 5 4 1 4 1 5 2 2 5 5 2 5 2 1 5 2 4 4 1 5 4 2 4 1 2 5 2 2 5 4 1 2 5 4 1 2 5 3 -2 -3 1 2 -3 -1 -1 2 2 -2 -3 -2 -3 -1 -1 -3 2 3 -1 3 -1 3 -3 1.6 2.85714285714286 3.375 4.28571428571429 43 10 10
"86" 9 6246 "女" "2001.09" "汉族" "硕士（含硕士在读）" 6000 5 5 "否" "" "" 2 1 2 4 2 3 4 5 2 2 5 3 2 4 4 5 4 4 4 5 4 2 4 2 3 4 4 4 4 2 3 2 3 4 4 4 4 2 3 4 2 4 5 2 4 4 3 2 1 4 3 2 1 4 2 2 4 2 4 4 4 4 2 2 3 4 3 2 2 5 4 3 4 2 2 2 2 4 5 5 2 4 4 4 2 2 2 -2 1 -1 -2 -2 1 -1 -1 2 2 -1 -2 1 -2 -1 -1 -1 -2 1 -2 2 1 3 -1 2.4 2.57142857142857 3.875 4.14285714285714 24 19 21
"87" 9 6200 "女" "1999.1" "汉族" "硕士（含硕士在读）" 15000 6 6 "否" "" "" 4 4 4 2 3 4 4 4 4 4 4 4 2 5 3 5 4 4 4 5 4 5 5 4 4 2 3 4 4 2 4 2 4 4 4 3 5 1 3 4 2 5 2 2 4 5 5 4 2 2 5 5 2 4 3 4 3 4 4 4 4 4 2 4 3 1 2 4 4 4 4 2 5 4 2 2 1 3 4 5 2 5 4 5 2 2 4 1 2 2 1 -1 -1 1 1 3 2 1 1 1 -2 1 1 -2 1 2 1 2 1 2 -1 3.4 4.28571428571429 3.875 3.71428571428571 35 30 27
"88" 9 683 "男" "1999.08" "汉族" "本科（含本科在读）" 6000 8 7 "是" "法国" "6个月" 4 5 3 3 2 5 4 5 3 4 5 5 2 5 4 5 4 3 4 5 4 4 5 3 5 4 4 4 5 2 4 1 4 5 1 4 2 5 1 5 2 4 5 3 4 2 5 3 1 4 5 2 1 4 3 5 2 5 4 3 2 4 4 2 5 1 5 5 3 4 5 1 4 1 2 3 1 3 4 5 2 1 4 5 2 1 4 2 3 -2 -3 1 -2 3 -1 1 3 -3 -1 2 -1 -2 2 2 -1 3 -3 2 -1 3 -2 3 4.14285714285714 4.25 4.42857142857143 32 16 29
"89" 9 6143 "男" "2001.6" "汉族" "本科（含本科在读）" 20000 7 7 "是" "西班牙" "3个月" 1 2 3 4 1 3 4 3 1 2 4 5 1 4 4 5 3 4 4 4 4 4 4 3 3 4 4 4 4 2 4 2 4 4 2 5 2 1 2 4 2 3 4 2 5 3 3 3 2 2 4 2 2 4 2 2 2 4 4 5 2 4 2 2 4 2 4 4 2 4 4 2 4 1 2 1 1 3 4 5 2 1 5 5 2 2 4 3 2 1 1 3 1 -2 2 3 1 2 -1 2 1 2 1 1 2 -1 2 1 1 2 2 1.4 3.14285714285714 3.75 4.14285714285714 38 37 29
"90" 9 6312 "女" "200207" "汉族" "本科（含本科在读）" 12000 6 5 "否" "" "" 1 4 4 5 1 2 4 5 1 2 5 4 2 4 4 5 4 5 4 3 5 5 4 1 2 4 3 4 5 1 5 2 5 4 1 5 4 1 2 5 2 4 4 1 5 2 4 2 1 2 5 4 2 5 1 4 1 4 5 4 1 4 2 1 5 2 5 5 2 5 4 1 4 1 2 4 2 4 5 4 1 2 4 5 1 2 5 2 -1 -1 1 3 -3 -1 -2 3 1 -2 -2 -3 -2 -2 1 -2 3 3 -1 3 -2 2 -2 1.8 3.28571428571429 3.625 4.57142857142857 44 9 15
"91" 9 6104 "女" "2001.05" "汉族" "本科（含本科在读）" 22000 6 5 "否" "" "" 1 2 2 5 1 1 5 4 1 2 4 5 2 4 5 4 2 5 4 5 4 2 5 1 1 5 4 5 4 1 5 2 5 4 1 5 4 4 2 5 1 4 1 2 5 2 1 2 1 1 5 2 2 5 2 5 1 2 5 4 1 4 1 1 5 2 4 5 1 4 5 1 5 1 2 5 2 5 4 4 1 2 5 4 1 2 4 -3 -1 -2 -2 2 -3 -2 -1 3 1 -3 -1 -3 -1 -3 -1 -2 3 1 -3 3 -1 1 -3 1.4 2.42857142857143 3.75 4.57142857142857 32 6 13
"92" 9 6202 "女" "2002.06" "汉族" "本科（含本科在读）" 20000 6 6 "否" "" "" 2 3 4 3 2 3 4 5 2 3 5 5 2 4 4 5 3 4 4 3 3 4 5 5 4 4 5 4 5 3 3 2 4 5 4 3 4 2 2 4 5 4 3 1 3 4 4 3 2 2 2 4 2 4 2 1 2 3 5 4 4 3 2 3 4 5 4 4 2 4 2 2 5 2 2 2 2 4 4 4 5 3 4 5 2 5 5 2 2 1 2 1 2 1 -2 3 2 -1 -1 2 2 -1 2 -1 -1 1 2 1 -1 2 -1 2.2 3.71428571428571 4.125 4.28571428571429 35 23 33
"94" 9 6324 "女" "1999.07" "汉族" "硕士（含硕士在读）" 15000 5 5 "否" "" "" 3 4 3 3 2 2 3 3 3 3 2 3 3 4 3 4 4 4 3 4 2 4 4 2 3 2 2 4 4 2 4 2 4 4 3 4 5 3 2 4 2 4 4 2 4 3 4 3 2 2 4 3 2 4 2 4 2 2 4 4 3 4 2 3 4 3 3 3 2 4 4 2 3 2 2 3 2 3 4 4 3 2 3 3 2 2 4 1 -1 -1 -1 1 1 -1 -1 2 1 -1 2 2 1 -1 1 -1 -1 1 2 2 -1 1 -1 3 3.28571428571429 2.875 3 30 22 27
"95" 9 6211 "男" "2002.1" "汉族" "本科（含本科在读）" 15000 4 4 "否" "" "" 2 3 2 2 2 4 3 4 3 4 4 3 3 5 3 4 4 4 3 4 3 3 4 4 3 2 3 3 4 2 3 2 4 4 3 4 4 2 2 4 4 4 4 2 4 4 4 2 3 2 3 2 3 4 2 4 2 4 4 4 4 4 4 4 4 4 4 3 2 3 3 2 4 2 2 2 3 4 4 4 4 2 4 4 2 2 3 1 -1 1 1 2 1 -1 1 2 1 1 -1 1 -3 -1 1 -1 -1 -1 1 2 1 1 -1 2.8 3.85714285714286 3.125 3.14285714285714 31 28 20
"96" 9 6306 "女" "2000.02" "汉族" "本科（含本科在读）" 15000 4 5 "否" "" "" 2 4 2 4 2 4 3 5 2 2 4 5 2 4 4 5 4 4 4 5 4 4 5 3 2 4 4 4 4 2 5 2 5 4 4 5 4 2 2 4 2 5 2 2 4 3 2 4 3 2 5 4 2 4 2 3 2 4 4 4 4 3 3 2 5 2 4 4 3 4 5 2 4 2 2 4 2 2 4 4 2 3 4 5 2 3 5 2 -1 -1 -1 2 -2 -3 1 3 1 -2 1 -3 -2 -1 2 -2 1 2 -1 2 1 1 -2 2.4 3.57142857142857 3.5 4.57142857142857 36 16 18
"97" 9 675 "女" "1999.02" "汉族" "硕士（含硕士在读）" 10000 6 6 "否" "" "" 2 4 4 4 1 4 5 4 3 3 5 4 1 4 3 4 3 5 4 4 3 4 4 4 2 4 3 2 5 2 4 2 4 5 2 3 4 2 2 4 2 4 4 1 4 4 2 1 1 1 4 2 2 4 2 4 2 4 4 4 2 4 2 2 4 2 3 4 1 4 4 2 2 1 1 3 2 4 4 4 2 2 4 4 2 2 4 2 -2 1 2 2 1 -1 -1 2 2 -1 -1 1 -1 -2 -1 1 1 1 1 3 -1 2 -2 2 4 3.75 3.85714285714286 39 23 19
"98" 9 6231 "男" "2003.06" "汉族" "本科（含本科在读）" 6000 6 5 "否" "" "" 2 4 1 4 1 4 4 5 1 4 5 4 2 5 4 5 2 4 4 2 4 4 5 4 2 5 4 4 5 1 4 2 5 4 2 4 5 2 1 4 2 5 2 1 5 2 5 4 2 1 4 2 1 4 2 5 2 2 5 4 2 5 2 1 5 2 5 5 2 4 5 1 4 1 2 4 1 2 5 4 2 1 5 4 1 2 4 2 -1 -3 2 2 -2 -3 -2 3 -2 -3 -2 -2 -1 -1 -3 -3 1 2 -2 2 -2 2 -2 1.6 4.14285714285714 3.25 4.57142857142857 40 6 8
"99" 9 6204 "女" "2004.08" "汉族" "本科（含本科在读）" 12000 5 5 "是" "英国" "6" 2 4 2 4 1 3 3 4 2 3 4 4 2 5 3 5 2 5 3 4 3 2 4 3 2 3 3 2 4 5 2 4 2 4 4 3 2 4 3 2 4 2 4 2 2 4 2 2 2 4 3 2 4 4 4 2 4 4 4 2 4 2 4 3 2 4 4 3 4 2 2 4 2 3 4 2 2 4 4 3 4 2 2 2 3 4 2 2 -1 -2 -1 -1 1 -1 -2 2 1 -1 1 1 -2 -2 -1 -2 2 2 -2 2 -2 3 -2 1.8 3.57142857142857 3 3.85714285714286 35 12 20
"100" 9 6100 "男" "2002.08" "汉族" "本科（含本科在读）" 7000 4 5 "是" "马来西亚" "8个月" 2 3 3 4 1 4 3 4 3 2 3 4 3 4 3 4 2 4 3 3 2 3 5 3 3 4 2 4 5 2 2 4 3 4 2 2 4 3 2 4 2 3 4 2 4 2 3 2 2 3 4 2 2 4 2 4 3 3 4 5 2 3 3 2 5 2 4 3 3 4 3 3 4 2 1 3 3 4 4 3 3 2 3 3 1 3 3 2 -2 -2 1 1 -1 2 2 2 -2 2 -1 1 -1 2 1 1 -1 2 1 2 -1 1 -2 2.2 3.28571428571429 2.875 3.85714285714286 34 30 18
"101" 9 6297 "男" "2002.07" "汉族" "本科（含本科在读）" 10000 4 4 "否" "" "" 2 2 3 3 2 3 4 5 2 2 2 5 2 3 4 5 3 2 4 4 4 4 5 4 2 3 4 5 5 3 4 1 5 5 4 3 4 2 1 5 1 4 1 1 3 3 4 4 2 1 4 3 1 5 3 5 2 3 5 3 2 4 2 2 3 2 3 5 1 5 5 2 5 2 2 5 2 2 5 3 1 3 5 5 3 2 4 1 -1 1 2 1 -1 -1 2 -1 1 1 -1 1 1 1 2 -1 1 1 -1 2 2 2 -1 2.2 2.85714285714286 3.375 4.28571428571429 33 30 23
"103" 9 6313 "女" "1997.07" "汉族" "本科（含本科在读）" 5000 5 4 "否" "" "" 4 4 4 4 2 4 4 5 5 3 4 4 2 4 4 5 4 4 4 4 4 4 4 3 4 4 4 4 4 2 4 3 4 4 1 4 3 2 2 4 3 4 4 2 4 4 4 4 2 2 4 2 2 4 2 4 2 2 4 4 4 4 3 3 4 4 4 4 3 4 4 2 4 2 2 2 2 2 4 4 4 3 4 4 2 2 4 1 1 1 1 1 2 -1 2 2 2 2 1 1 1 -1 2 -1 1 2 -1 2 1 2 2 3.4 3.71428571428571 4 4.28571428571429 36 28 34
"104" 9 6184 "男" "1997.01" "汉族" "硕士（含硕士在读）" 5000 4 5 "否" "" "" 3 3 3 3 2 2 4 4 3 3 2 3 3 4 3 4 4 4 3 4 4 4 4 3 3 3 3 4 4 2 4 2 4 4 2 4 4 3 2 4 2 4 4 2 4 3 4 3 2 2 4 3 2 4 2 4 2 4 4 4 2 4 2 2 4 2 4 4 2 4 4 2 4 2 2 2 2 2 4 4 2 2 4 4 2 2 4 -1 -1 -1 -1 2 1 1 1 2 2 1 1 1 1 1 1 1 1 1 1 1 1 1 1 3 3.28571428571429 3.125 3.57142857142857 30 30 31
"105" 9 6129 "女" "2000.1" "汉族" "硕士（含硕士在读）" 13000 3 3 "否" "" "" 2 3 2 2 2 1 2 4 4 2 3 2 2 4 2 4 4 4 4 4 2 4 4 4 4 3 3 3 4 3 4 3 2 4 2 4 4 2 3 4 1 2 4 1 4 4 2 1 2 2 4 2 4 4 1 4 2 4 5 5 4 3 4 2 4 3 3 3 4 4 5 4 2 2 1 4 4 5 5 5 4 4 4 4 4 3 2 -1 1 -1 2 2 1 -2 1 2 -1 1 -1 1 -2 -1 1 -2 1 2 -1 2 -1 2 -1 2.8 3.14285714285714 3 3 36 21 20
"106" 9 605 "男" "2000" "汉族" "本科（含本科在读）" 20000 7 4 "否" "" "" 1 4 3 1 2 1 4 4 1 3 4 2 1 4 3 3 4 4 1 5 3 4 3 2 2 1 4 4 4 2 4 5 5 4 4 4 5 2 2 4 1 5 4 2 4 2 2 2 1 4 5 1 1 4 5 4 2 5 2 4 2 2 2 4 4 2 4 4 4 4 5 2 4 4 2 4 4 2 5 4 2 4 4 4 4 2 4 2 -2 -2 -3 1 1 -2 3 3 -1 -1 3 3 2 3 3 -3 -3 -2 3 3 2 2 2 1.8 3.14285714285714 3.25 2.42857142857143 27 32 30
"107" 9 6226 "男" "200409" "汉族" "本科（含本科在读）" 10000 5 5 "否" "" "" 4 4 3 4 2 4 2 4 3 4 2 4 2 4 2 5 4 4 3 4 5 4 5 5 4 4 2 4 5 2 4 2 4 5 2 5 4 2 2 5 3 5 5 2 4 2 4 4 2 2 4 2 2 5 2 5 2 4 5 5 2 4 2 2 4 2 5 4 2 4 5 2 4 2 2 2 2 2 4 4 2 3 5 4 2 2 5 2 -1 -2 -1 2 -2 2 -2 2 2 -1 -1 -2 -2 -1 -1 -2 2 3 -1 2 3 3 -1 3 4.14285714285714 2.75 4.42857142857143 39 16 20
"108" 9 682 "男" "2002.06" "汉族" "本科（含本科在读）" 26000 6 4 "否" "" "" 2 2 1 2 1 3 4 5 2 1 4 5 2 2 4 5 4 4 4 4 5 1 4 2 3 4 5 4 3 2 4 3 4 4 1 4 4 2 2 4 1 3 2 2 4 2 3 2 3 1 3 2 2 3 2 4 1 1 4 3 2 3 2 1 4 1 4 4 2 4 4 1 4 2 1 4 3 2 3 5 1 3 4 4 2 2 3 1 -3 -1 -3 3 -3 -1 -2 3 2 -3 -1 -2 -1 -3 -1 -3 3 2 -3 3 -3 2 -3 2.2 2.14285714285714 3.625 4.28571428571429 38 4 13
"109" 9 6203 "男" "1999.08" "汉族" "本科（含本科在读）" 15000 6 5 "否" "" "" 2 2 1 3 1 2 4 4 2 1 5 4 1 4 4 5 3 4 5 4 4 2 4 1 4 5 2 4 5 2 4 1 5 5 2 5 4 2 1 5 2 4 2 1 4 3 4 1 2 2 4 2 2 4 2 4 1 4 5 4 2 5 2 2 5 2 4 5 1 5 5 2 4 2 1 2 1 4 5 5 2 1 5 5 2 1 4 2 -1 -2 -1 -1 1 -1 -3 3 1 -2 -1 -1 -2 -3 -1 -1 -1 2 -1 3 -2 2 1 1.8 2.28571428571429 3.625 4.14285714285714 33 9 21
"110" 9 6314 "男" "2002.01" "汉族" "本科（含本科在读）" 11000 6 8 "否" "" "" 4 5 5 4 5 4 5 4 3 5 5 4 5 3 4 4 5 4 5 4 5 4 5 4 5 4 3 4 5 3 4 1 5 5 2 4 5 2 1 4 2 5 5 2 5 4 4 4 1 5 4 2 2 4 2 5 2 4 5 4 5 5 4 2 4 5 5 5 2 4 5 2 4 2 1 3 3 4 5 4 2 2 4 5 4 5 4 3 -1 2 2 2 3 2 3 2 3 -1 -2 2 1 2 2 2 3 3 2 2 1 3 2 4.4 4.14285714285714 4.5 4.28571428571429 44 37 34
"112" 9 676 "男" "2000.02" "汉族" "本科（含本科在读）" 20000 6 6 "否" "" "" 1 2 2 4 1 1 5 4 1 2 1 5 2 5 4 5 1 5 2 4 5 1 4 1 2 5 4 5 4 2 5 4 5 4 2 5 5 1 2 5 1 4 2 1 5 2 1 2 1 1 4 5 1 4 1 5 5 2 4 5 2 1 4 1 5 1 4 5 1 4 5 4 4 1 2 5 4 5 4 5 1 5 4 5 2 1 2 -3 -1 -3 -1 3 -3 -3 -3 2 3 -3 -2 -1 -3 -3 -2 -1 3 3 -3 3 -1 3 -3 1.2 2.42857142857143 3 4.57142857142857 37 6 10
"113" 9 6155 "男" "2003.9" "汉族" "本科（含本科在读）" 10000 2 2 "是" "美国" "3个月" 1 1 1 2 2 2 4 5 1 2 4 2 2 2 4 5 4 4 4 5 2 3 4 2 2 2 4 5 4 2 5 1 5 5 1 5 5 1 1 5 3 5 2 1 5 1 5 3 1 1 4 2 1 4 2 4 1 2 5 5 1 5 2 4 5 2 4 5 4 5 4 2 5 4 1 1 1 3 4 5 2 2 5 3 2 2 4 1 -2 -2 2 2 2 -2 -2 2 -1 2 -2 2 -2 -2 1 2 1 2 -2 2 -1 2 -2 2 2.28571428571429 3.5 3.14285714285714 38 21 16
"114" 9 646 "男" "2001.01" "汉族" "本科（含本科在读）" 40000 8 8 "是" "美国" "12" 3 3 4 4 2 3 3 5 4 2 3 5 3 3 3 5 4 5 3 4 5 4 5 2 3 5 3 5 5 1 5 1 5 5 1 5 5 1 1 5 1 5 3 1 5 1 5 4 1 1 5 1 1 5 1 5 1 1 5 5 1 5 1 1 5 2 5 5 3 5 5 1 5 1 1 5 1 2 4 5 1 1 5 4 1 1 5 3 1 1 1 3 -1 1 1 3 1 1 1 -1 -3 1 2 -3 1 2 2 3 2 1 -3 3.2 3.14285714285714 3.25 4.85714285714286 41 28 23
"115" 9 684 "女" "2002.08" "汉族" "本科（含本科在读）" 18000 6 7 "否" "" "" 1 2 1 5 1 1 5 4 1 1 4 5 1 4 5 5 4 4 1 4 5 2 5 1 1 4 5 5 4 1 4 1 5 4 1 4 5 1 1 4 2 5 1 1 5 1 2 2 1 1 4 1 1 5 1 4 2 1 5 5 2 4 1 2 5 1 5 5 1 4 5 1 4 1 1 5 2 4 5 5 1 2 4 5 1 2 5 -1 -3 -2 -1 3 -3 -1 -2 2 1 -3 -3 -1 -2 -3 -1 -3 2 3 -2 3 -1 2 -3 1.6 2.14285714285714 3.25 4.71428571428571 37 7 9
"116" 9 6242 "女" "1996.07" "汉族" "硕士（含硕士在读）" 10000 3 2 "否" "" "" 3 4 3 2 3 3 4 4 3 3 4 3 3 4 3 4 4 4 4 5 2 3 4 4 3 2 4 4 4 3 2 3 3 4 4 3 3 4 3 3 3 2 2 2 3 4 2 3 3 4 2 2 3 4 2 3 3 3 4 3 5 3 3 4 2 4 3 3 3 3 3 3 5 3 3 2 2 4 4 4 4 3 4 4 3 3 3 1 -1 1 -1 -1 1 1 1 2 2 1 2 3 1 1 2 -1 1 1 -1 3 1 1 -1 3.2 3.57142857142857 3.75 3 31 30 31
"117" 9 6182 "女" "2002.08" "汉族" "本科（含本科在读）" 7500 7 6 "否" "" "" 1 4 1 4 1 4 5 4 1 5 4 5 2 4 5 4 1 4 4 2 4 5 4 5 2 5 4 4 5 2 4 1 4 5 1 4 5 1 2 5 1 4 2 1 5 2 5 5 2 1 4 2 1 5 2 4 1 1 4 5 2 4 1 2 5 1 4 5 2 4 5 2 5 1 2 4 1 2 4 5 2 1 5 4 1 2 5 3 -1 -2 3 2 -3 -2 -3 2 -3 -2 -3 -1 -2 -3 -1 -2 2 3 -3 3 -2 2 -2 1.2 4.42857142857143 3.375 4.28571428571429 44 6 7
"118" 9 687 "男" "200011" "汉族" "本科（含本科在读）" 15000 4 4 "否" "" "" 2 4 4 2 2 3 5 4 2 2 4 4 1 4 4 4 3 3 4 5 4 4 4 3 4 3 4 2 4 2 4 3 3 4 1 3 2 4 1 4 2 3 4 1 4 3 2 1 1 1 4 3 4 4 2 4 5 4 5 4 4 2 4 1 4 4 3 2 1 4 4 5 2 3 2 1 3 4 4 5 4 4 2 4 3 2 2 1 2 -2 -1 1 -1 1 -1 2 -2 -2 1 2 2 1 1 1 -2 1 1 1 1 1 2 2 3.28571428571429 4.25 3.57142857142857 28 25 30
"119" 9 602 "男" "2002.01" "汉族" "本科（含本科在读）" 6000 5 4 "是" "马来西亚" "2个月" 2 1 2 4 1 2 5 4 1 1 5 1 1 3 5 5 1 4 5 5 4 4 5 3 2 3 4 2 4 2 4 5 5 5 3 5 5 4 2 4 2 3 3 1 4 3 1 3 2 1 4 4 2 4 2 4 2 4 3 3 2 2 3 2 3 4 3 3 3 4 4 2 3 3 2 5 5 3 4 4 2 4 3 4 2 1 3 2 -1 -1 1 1 1 -1 2 2 2 -1 2 2 -1 1 2 1 1 1 1 1 2 1 2 1.2 2.57142857142857 4.125 3.71428571428571 34 31 30
"120" 9 603 "男" "2001.04" "汉族" "本科（含本科在读）" 18000 5 4 "否" "" "" 2 4 2 4 1 4 3 4 2 4 2 5 1 4 2 5 4 5 3 4 4 5 5 4 2 4 2 5 4 2 5 1 5 4 2 5 5 2 1 5 1 4 4 1 5 3 5 4 1 1 4 1 1 5 2 4 1 3 5 5 1 4 2 1 5 1 4 4 1 5 4 2 5 2 1 5 1 1 4 5 1 1 5 4 1 1 5 1 -1 -2 1 2 -2 -1 1 3 2 1 -1 -1 -2 1 2 3 2 2 -1 3 1 2 -1 2 4.28571428571429 2.5 4.42857142857143 40 27 20
"121" 9 695 "女" "2001.1" "汉族" "本科（含本科在读）" 16000 5 6 "否" "" "" 1 5 2 5 2 4 3 4 1 4 2 5 1 4 2 5 4 5 3 4 4 5 5 4 2 4 2 5 4 1 5 1 5 5 1 5 5 1 1 4 1 4 4 1 5 2 5 4 1 1 4 1 1 4 2 5 1 2 5 4 2 4 2 1 4 2 4 4 1 5 4 1 4 1 1 5 2 2 5 4 1 2 5 4 2 1 4 2 -2 -1 -2 1 -2 -3 -2 3 -1 -1 -2 -1 -2 -1 -2 -2 2 3 -2 3 -2 2 -1 1.8 4.42857142857143 2.5 4.57142857142857 38 12 9
"122" 9 667 "女" "1998.09" "汉族" "硕士（含硕士在读）" 15000 3 2 "否" "" "" 2 4 4 2 2 4 5 5 2 4 4 3 2 5 4 4 4 5 4 5 2 4 4 2 3 2 4 4 4 2 1 4 1 4 4 4 2 2 4 4 4 2 2 2 4 5 1 2 1 4 1 2 2 1 4 1 4 4 2 4 5 2 2 1 4 4 2 4 5 2 2 5 4 5 2 1 3 4 4 4 5 2 4 1 4 5 2 1 1 3 -2 -1 2 2 3 2 2 2 3 2 2 2 3 -1 -2 2 2 2 -1 2 -2 2.4 4 4.125 3.14285714285714 28 36 37
"123" 9 689 "女" "200112" "汉族" "本科（含本科在读）" 15000 5 5 "否" "" "" 1 4 2 4 1 4 3 4 2 4 2 5 1 4 2 4 4 5 3 4 5 4 5 4 2 4 2 4 5 1 5 1 5 5 2 4 5 2 2 5 1 4 3 1 5 2 4 3 1 2 5 2 1 5 2 4 1 2 5 5 2 4 2 1 5 2 4 4 2 5 4 1 4 1 1 4 1 2 5 5 1 2 5 4 1 2 4 3 -2 -1 -1 1 -2 -1 -1 2 1 -2 -1 -1 -2 -1 -1 -3 1 2 -1 3 -1 2 -2 1.8 4.14285714285714 2.5 4.42857142857143 37 13 14
"124" 9 6290 "女" "2002.1" "汉族" "本科（含本科在读）" 9000 7 6 "否" "" "" 1 4 1 5 2 5 5 4 1 4 5 4 1 5 4 5 1 5 5 1 4 5 4 5 2 5 4 4 5 2 5 1 5 4 2 4 5 1 2 4 1 4 2 1 4 2 4 4 2 1 5 2 1 4 2 5 2 2 4 4 2 4 2 1 4 2 5 4 1 4 5 2 4 1 2 4 2 2 4 5 1 2 4 5 2 1 4 2 -1 -2 2 2 -3 -2 -3 2 -1 -2 -2 -2 -3 -2 -3 -3 1 2 -3 3 -2 2 -3 1.2 4.71428571428571 3.375 4.42857142857143 40 5 6
"125" 9 6254 "女" "1996.12" "汉族" "硕士（含硕士在读）" 100000 4 5 "否" "" "" 3 4 4 3 3 3 3 4 3 3 3 4 2 4 4 5 4 4 4 4 3 4 3 3 3 3 3 3 4 2 3 4 3 4 4 4 3 3 3 4 3 4 4 2 3 2 2 2 2 2 3 3 3 4 2 3 3 4 4 2 4 2 3 3 4 3 3 3 3 4 4 3 3 3 4 3 4 4 4 3 2 4 4 4 4 4 4 1 -1 -1 -1 -1 1 -1 1 2 1 1 1 1 1 -1 1 1 1 1 1 1 1 1 -1 3 3.57142857142857 3.5 3.57142857142857 29 28 26
"126" 9 652 "男" "2003.09" "汉族" "本科（含本科在读）" 15000 5 5 "否" "" "" 1 2 2 4 1 2 2 5 1 1 4 4 1 4 2 5 2 4 4 2 4 1 4 2 2 4 5 5 5 1 4 1 5 4 1 5 5 1 1 5 1 5 1 1 5 1 4 4 1 1 5 1 1 5 1 5 1 1 5 4 1 5 1 1 5 2 4 5 1 5 5 1 5 1 1 5 1 1 5 5 1 1 5 5 1 1 5 3 -1 -1 2 -3 -2 -3 -2 2 2 -1 -2 -3 -2 -3 2 -3 3 2 -2 3 2 3 -3 1.2 2.28571428571429 2.875 4.28571428571429 39 11 15
"127" 9 6336 "男" "2000.06" "汉族" "本科（含本科在读）" 8000 2 1 "否" "" "" 2 1 3 3 2 3 3 2 3 1 3 4 2 5 2 3 2 2 3 5 4 2 3 4 2 2 3 2 5 4 3 3 2 4 5 4 5 2 3 3 1 4 4 2 3 4 3 2 2 4 4 1 2 4 4 5 2 5 4 3 3 3 3 2 3 4 5 4 3 4 4 2 2 3 4 1 3 4 4 3 4 2 4 4 3 2 4 -1 2 -1 1 -2 2 1 1 2 1 1 1 2 2 -1 2 1 -1 -1 1 -1 1 1 -2 2.2 2.57142857142857 3 3 22 29 33
"128" 9 650 "男" "2002.12" "汉族" "本科（含本科在读）" 14000 6 5 "否" "" "" 2 4 4 4 2 4 4 5 2 4 5 4 3 4 4 5 4 4 5 4 4 4 5 4 3 3 5 4 4 2 4 2 4 4 1 5 4 2 2 5 3 4 5 2 4 2 4 4 2 2 5 2 1 5 1 3 1 4 4 5 2 4 2 2 4 2 5 4 2 4 5 2 5 2 2 3 2 3 4 4 2 3 4 5 2 2 4 2 1 1 2 2 -2 -1 1 2 1 1 1 1 -1 1 1 -2 1 1 1 2 1 2 -2 2.6 4 4.25 4.28571428571429 38 29 22
"129" 9 653 "女" "1998.04" "汉族" "硕士（含硕士在读）" 5000 6 5 "否" "" "" 2 3 2 3 2 3 2 5 4 3 3 4 1 4 2 5 4 4 2 4 3 2 4 3 2 3 2 3 4 2 4 2 4 4 3 5 4 4 2 5 2 3 4 2 4 3 3 3 2 2 4 2 2 4 2 5 2 4 4 4 2 3 2 2 4 2 5 4 3 5 4 2 4 4 2 3 4 2 5 5 4 2 4 2 2 2 3 -1 -2 1 -1 1 -1 -1 1 1 1 1 -1 -1 -1 1 1 -1 1 1 -1 2 1 3 -1 2.6 3.14285714285714 2.375 3.85714285714286 31 26 19
"130" 9 678 "男" "2002.8" "汉族" "本科（含本科在读）" 10000 4 4 "否" "" "" 4 4 4 2 3 2 3 4 3 3 2 3 2 3 4 5 4 4 3 4 3 3 4 4 3 2 4 2 3 2 2 2 4 4 4 3 4 4 2 3 2 2 4 4 3 4 3 2 2 2 2 3 4 2 3 3 2 4 2 4 2 3 4 2 4 4 3 2 4 4 4 2 2 4 3 2 3 3 4 4 3 2 2 2 3 2 3 1 1 1 -1 -1 2 2 1 1 1 2 2 2 -1 1 2 1 -1 1 -1 1 1 1 -1 3.2 3.28571428571429 3.375 3.28571428571429 26 32 32
"131" 9 6222 "女" "199712" "汉族" "博士及以上（含博士在读)" 15000 6 5 "否" "" "" 2 2 2 3 1 3 3 2 2 2 3 3 2 3 2 4 2 4 2 3 3 1 4 2 2 3 2 2 4 3 1 1 3 4 2 2 4 3 2 4 2 5 5 1 3 5 5 2 2 4 1 1 4 4 3 3 1 5 4 3 5 5 2 2 4 4 4 2 4 4 3 1 2 2 3 1 1 4 4 4 4 1 2 1 3 2 5 2 -2 -1 1 1 -1 -1 -1 3 -1 -2 -2 1 -2 -1 -1 -2 -1 2 -1 3 1 1 -3 1.8 2.42857142857143 2.375 3.14285714285714 36 18 11
"132" 9 607 "女" "2003.07" "汉族" "本科（含本科在读）" 8000 5 6 "否" "" "" 1 4 2 5 2 4 4 5 2 5 4 5 2 4 4 5 2 5 5 2 4 4 5 4 2 5 4 4 5 2 5 2 4 5 2 4 5 2 1 5 1 4 2 1 5 1 5 4 2 1 4 1 1 4 1 5 2 1 5 4 2 5 2 1 5 1 4 5 2 4 5 2 4 1 2 5 2 1 5 4 2 1 5 4 2 1 5 2 -1 -3 1 2 -3 -2 -1 2 -3 -2 -1 -3 -1 -2 -3 -1 2 1 -2 3 -3 2 -1 1.8 4.28571428571429 3.375 4.85714285714286 39 7 9
"133" 9 6113 "女" "1999.12" "汉族" "硕士（含硕士在读）" 30 5 5 "否" "" "" 4 4 3 3 4 3 2 5 4 4 4 3 3 4 2 4 4 4 3 4 2 4 4 4 2 4 2 2 4 3 3 3 3 4 4 2 4 4 2 3 4 3 4 1 3 4 2 2 3 3 2 4 4 4 3 3 3 4 4 4 4 3 4 3 3 4 4 2 4 3 4 4 3 3 2 2 4 4 4 4 4 4 2 4 4 3 3 1 -1 1 -1 -1 -1 -1 -1 1 1 1 1 1 -1 -1 1 -1 1 1 -1 1 1 1 1 3.8 3.85714285714286 2.75 3.57142857142857 28 24 24
"134" 9 6228 "女" "2002.09" "汉族" "本科（含本科在读）" 7000 6 6 "否" "" "" 5 4 4 2 5 4 2 4 5 4 2 2 5 4 2 4 5 4 2 5 2 4 4 5 4 2 1 5 4 2 4 2 5 4 2 5 4 2 1 4 2 4 2 1 5 1 4 5 2 1 5 2 1 5 1 5 1 2 5 4 1 4 1 2 5 1 4 5 1 4 4 2 5 1 2 5 2 2 4 5 2 1 5 4 1 2 5 -1 2 3 -1 -1 1 3 2 -1 2 3 2 1 2 2 3 3 -1 1 2 -2 2 -1 3 5 4.14285714285714 2.75 2.85714285714286 17 42 42
"135" 9 6178 "男" "2003.9" "汉族" "本科（含本科在读）" 10000 1 1 "否" "" "" 1 1 1 2 2 2 4 5 1 2 4 3 2 2 4 5 4 4 4 4 2 3 4 2 2 2 4 5 2 2 5 1 5 5 2 5 5 2 2 4 2 5 2 2 5 2 5 3 2 1 5 2 2 4 2 5 2 2 4 5 2 5 2 4 5 2 3 5 4 5 5 1 5 2 2 4 2 3 4 4 2 1 5 5 2 2 4 2 2 1 -2 3 2 -2 1 2 -1 2 -1 2 -2 1 1 2 1 2 -2 2 2 2 -2 2 2.28571428571429 3.375 3.28571428571429 36 33 21
"136" 9 6169 "男" "2002.05" "汉族" "本科（含本科在读）" 15000 6 7 "否" "" "" 4 2 1 4 1 5 1 5 1 4 1 5 1 2 1 5 2 4 2 5 4 4 5 4 1 4 2 5 4 1 4 1 4 4 2 4 5 2 1 5 2 5 4 2 4 2 5 4 1 1 4 2 2 4 2 4 2 4 4 4 2 4 2 2 4 2 4 4 1 4 4 2 4 2 2 4 1 4 4 4 1 2 4 4 2 2 4 2 -2 -2 3 2 -2 -2 -2 2 2 -2 -2 -2 -1 2 -2 -2 2 2 -2 2 2 2 -2 1.8 3.57142857142857 1.75 4.57142857142857 41 16 13
"137" 9 6161 "女" "2001.12" "汉族" "本科（含本科在读）" 20000 6 5 "否" "" "" 2 4 4 4 1 4 4 5 2 4 4 5 1 4 4 5 4 4 4 4 5 4 4 4 4 3 5 5 5 2 4 1 4 5 2 4 4 2 1 4 2 4 4 2 4 2 4 4 2 1 4 4 1 5 2 4 2 5 5 4 4 4 2 2 4 2 4 4 2 5 4 2 4 2 1 2 2 3 4 5 4 4 4 4 2 2 4 1 -1 -1 -1 -2 -1 -1 -1 -1 1 -1 1 -1 1 -1 1 -1 -2 1 -2 2 -1 1 1 2 4 4.125 4.42857142857143 23 15 26
"138" 9 6175 "女" "1999.03" "苗族" "硕士（含硕士在读）" 3000 4 4 "否" "" "" 4 4 1 2 2 4 2 3 4 4 2 3 2 4 4 4 4 4 3 4 1 3 5 3 3 2 2 1 5 2 3 3 2 5 4 4 4 4 1 5 3 3 4 2 4 5 2 1 2 5 2 2 4 3 2 3 3 5 3 3 5 4 5 1 4 5 4 2 2 4 3 2 2 2 3 2 2 3 2 3 4 1 2 4 2 2 4 1 1 1 1 -1 2 1 1 1 1 1 1 1 -2 1 2 -2 -1 1 -1 1 2 1 -1 3.2 3.71428571428571 2.625 2.85714285714286 28 28 29
"139" 9 6177 "男" "2003.12" "汉族" "本科（含本科在读）" 20000 3 3 "否" "" "" 1 1 1 2 2 2 4 5 2 2 5 5 3 1 4 5 5 5 3 4 2 2 5 2 2 5 4 5 1 2 5 1 5 5 2 4 5 2 2 5 2 5 2 2 5 2 5 3 2 2 2 2 2 5 3 4 2 2 4 4 2 4 2 2 4 2 4 5 4 4 4 1 5 2 2 2 2 2 5 4 2 2 5 4 2 2 5 2 -1 2 2 2 2 -2 2 2 1 2 -2 2 -3 2 3 2 1 1 -2 2 -1 2 -2 2.6 2.14285714285714 3.375 4.14285714285714 38 33 20
"140" 9 619 "男" "2005.0325" "汉族" "本科（含本科在读）" 13000 5 7 "否" "" "" 2 2 1 4 2 3 3 3 2 2 1 4 2 2 2 4 2 3 3 3 4 3 4 3 2 4 3 4 4 2 4 2 4 4 2 3 4 2 2 4 3 4 4 2 4 2 3 3 2 2 3 2 2 4 1 4 2 3 4 3 2 4 2 2 4 2 5 4 2 4 4 2 4 2 2 3 2 3 4 4 2 2 4 4 2 2 4 1 1 -1 1 2 -2 -2 -1 1 1 -2 -1 -2 -2 -2 -1 -2 2 2 -1 2 -2 1 -1 2 2.57142857142857 2.25 3.85714285714286 36 11 17
"141" 9 6179 "男" "2003.9" "土家族" "本科（含本科在读）" 30000 4 4 "是" "日本" "1个月" 1 1 1 2 2 2 4 5 2 1 5 3 2 1 4 5 4 4 4 4 3 4 4 2 2 2 4 5 2 2 5 2 5 5 2 5 5 2 2 5 2 5 2 1 5 2 4 2 2 2 4 2 2 5 3 5 2 2 5 5 3 5 2 5 5 2 5 5 4 5 5 2 5 2 2 5 2 2 5 5 2 2 5 5 2 2 4 2 -2 2 3 3 2 -2 1 2 2 2 -2 2 -1 2 1 2 2 2 -2 2 1 2 -3 2.2 2.14285714285714 3.5 3.42857142857143 42 34 19
"142" 9 6198 "女" "1999.12" "汉族" "硕士（含硕士在读）" 7000 4 4 "否" "" "" 3 4 4 3 2 2 4 4 3 2 4 3 2 2 4 4 4 4 4 4 4 3 4 4 3 3 4 2 4 3 4 4 2 4 3 4 4 2 2 4 3 4 4 2 3 4 2 2 3 2 4 4 4 4 2 2 2 4 4 3 3 2 4 4 4 2 4 4 3 4 2 2 2 2 4 2 4 5 4 4 2 2 4 4 2 4 4 1 -1 -1 1 2 -1 -1 -1 1 1 -2 -1 -1 -1 -1 -1 1 -1 1 -1 1 -1 1 -1 2.8 3 3.875 3.57142857142857 31 17 18
"143" 9 680 "女" "2000.08" "汉族" "硕士（含硕士在读）" 15000 7 7 "否" "" "" 2 4 2 2 3 4 2 2 3 5 2 3 3 4 2 3 4 5 2 3 2 4 3 4 2 2 2 2 3 2 3 2 3 3 4 2 4 2 3 4 4 4 4 3 4 4 4 3 2 2 4 2 2 2 2 2 2 4 4 4 4 4 2 4 4 4 4 4 4 4 3 2 2 4 2 2 2 2 4 4 4 2 4 3 3 2 4 -1 -1 1 -1 1 1 -1 -1 -1 1 1 -1 1 -1 -1 -1 1 1 1 2 2 1 1 -1 3 4.28571428571429 2.125 2.42857142857143 27 29 20
"146" 9 6238 "男" "20010524" "汉族" "本科（含本科在读）" 12000 7 7 "是" "德国" "3个月" 2 5 3 4 1 3 2 5 3 3 4 4 1 4 4 5 4 4 3 4 5 4 5 3 3 4 4 5 5 1 4 1 5 5 1 4 5 2 1 5 1 4 4 1 5 2 4 4 2 1 5 2 1 5 1 4 1 2 5 4 2 4 2 1 5 3 4 5 2 5 4 2 5 2 1 4 2 1 5 4 2 2 5 4 2 2 4 1 -3 3 -1 3 -1 -2 -1 3 1 -3 1 -3 -2 -2 -1 -2 2 3 3 3 1 3 -3 2.2 3.71428571428571 3.375 4.57142857142857 41 20 14
"148" 9 691 "男" "2003.0618" "汉族" "本科（含本科在读）" 14000 5 5 "否" "" "" 2 3 2 4 2 3 2 4 2 3 4 4 2 3 4 4 4 4 4 3 4 3 4 3 2 4 3 4 4 2 4 2 4 4 2 4 4 2 3 4 3 4 3 2 4 2 3 2 2 1 4 2 2 4 2 4 2 2 3 4 2 3 2 2 4 2 4 4 3 4 4 2 3 2 2 4 2 2 3 4 2 2 4 4 2 2 4 2 -1 -2 -1 1 -2 -2 -1 2 -1 -2 -1 -2 -2 -1 1 -1 2 2 -1 2 2 2 -2 2.4 3.14285714285714 3 4 36 16 14
"149" 9 604 "男" "2002.12" "汉族" "本科（含本科在读）" 20000 5 5 "否" "" "" 2 4 4 3 1 3 3 4 3 3 5 3 4 4 3 5 4 4 4 4 4 4 5 4 4 4 2 4 4 1 4 1 5 4 1 4 3 2 1 4 2 4 4 2 5 4 3 2 2 2 4 2 2 5 2 2 1 3 4 5 2 3 3 2 4 2 4 4 2 4 4 1 3 2 2 4 2 2 4 4 2 1 4 4 2 2 2 3 1 1 1 1 -1 -1 -2 3 1 1 -1 -2 1 -1 2 1 1 2 1 2 2 3 -1 2.8 3.71428571428571 3.625 4 40 25 25
"150" 9 6125 "男" "2002.09" "汉族" "本科（含本科在读）" 15000 8 8 "否" "" "" 4 4 5 4 3 2 3 4 4 4 5 4 4 4 4 4 4 2 4 4 2 4 3 5 4 3 4 4 4 3 5 2 5 5 2 5 3 5 4 5 3 5 5 2 3 4 4 5 5 5 4 4 5 5 1 3 3 4 4 4 4 3 4 5 4 3 3 5 4 3 2 2 4 4 4 2 2 5 4 2 4 4 5 4 3 4 4 2 2 1 3 3 1 3 2 2 2 3 -2 2 1 2 1 1 1 3 1 -1 3 2 1 3.8 3.57142857142857 4.125 3.42857142857143 39 39 33
"151" 9 6218 "女" "2002.11" "汉族" "本科（含本科在读）" 30000 6 6 "否" "" "" 2 4 3 4 2 2 3 4 3 4 4 3 2 3 4 5 4 3 4 5 2 4 4 3 3 2 3 2 5 4 3 2 2 5 3 2 4 2 2 4 2 3 2 1 4 4 4 2 3 3 2 4 2 2 4 3 3 4 4 5 4 4 4 2 3 4 4 2 2 4 4 2 4 3 1 2 3 4 4 3 4 2 2 2 3 3 3 1 1 -1 -1 -1 -1 -2 -1 2 2 1 2 -1 2 -1 1 -1 -1 1 1 1 -1 1 -1 2.6 3.28571428571429 3.625 3.42857142857143 27 20 28
"152" 9 6256 "男" "200208" "汉族" "本科（含本科在读）" 20 6 8 "否" "" "" 2 4 3 4 2 3 4 5 2 2 4 4 3 2 4 5 3 4 4 3 4 3 5 2 2 4 4 4 5 2 4 2 4 5 2 4 4 2 1 4 2 5 3 1 4 2 4 4 2 2 4 3 2 4 1 5 2 3 5 4 2 4 2 1 4 2 4 5 2 5 4 2 4 1 1 3 4 3 5 4 5 4 5 4 2 1 4 2 -1 1 -1 2 -2 -1 1 1 1 -1 -1 -2 -3 1 -1 1 2 2 -1 2 1 3 -1 2.4 2.85714285714286 3.5 4.42857142857143 37 25 15
"153" 9 6187 "男" "2004.08" "汉族" "本科（含本科在读）" 7000 5 4 "否" "" "" 3 2 3 3 2 4 3 3 4 2 2 3 3 2 2 3 2 2 3 1 3 2 3 2 3 4 2 2 3 2 4 5 2 3 1 2 3 3 2 4 3 3 2 1 4 3 2 2 1 3 2 4 2 3 2 4 3 3 1 4 3 4 3 2 1 1 2 2 3 1 2 2 4 1 3 2 3 2 1 4 3 4 2 3 3 5 2 -1 1 -2 -1 -1 -2 -1 1 1 2 1 1 -1 -1 1 1 -1 1 -1 -1 -1 1 1 1 2.8 2.28571428571429 2.375 3.14285714285714 22 23 26
"155" 9 618 "男" "2003.0619" "汉族" "本科（含本科在读）" 18000 5 5 "是" "新加坡" "13个月" 1 3 1 5 1 3 4 5 2 3 3 4 2 3 4 5 4 4 4 3 4 4 5 4 2 3 4 4 3 2 4 1 4 3 2 4 4 2 1 4 2 4 4 2 3 4 3 2 1 1 3 2 2 3 1 4 2 2 4 3 4 3 2 1 4 3 4 4 2 4 3 1 4 1 2 4 1 3 4 5 3 2 4 5 2 3 4 2 -1 -2 2 2 -2 -1 -1 3 1 -1 -1 -2 -1 -1 1 -2 2 2 -1 1 -1 2 -1 2 3.42857142857143 3.125 4.42857142857143 40 13 19
"156" 9 671 "男" "2002.09" "汉族" "本科（含本科在读）" 20000 7 8 "否" "" "" 4 4 4 4 3 4 4 4 4 3 3 4 4 4 3 4 4 3 4 4 3 3 4 4 4 4 4 4 4 2 3 4 2 4 4 4 3 5 4 1 2 3 5 5 5 1 4 5 5 5 3 5 4 4 4 4 5 4 4 4 4 4 4 5 4 5 4 4 5 3 4 4 5 3 4 3 4 4 5 4 4 5 5 5 4 3 4 3 -3 2 -1 -1 -2 -1 2 2 3 2 -1 1 3 2 3 1 3 1 1 1 3 2 1 3.8 3.57142857142857 3.75 3.85714285714286 34 38 27
"157" 9 6154 "女" "2001.08" "壮族" "本科（含本科在读）" 7000 5 5 "否" "" "" 3 4 4 4 2 3 5 5 3 4 5 4 2 5 4 5 4 5 4 4 4 4 5 3 4 4 5 2 4 3 5 2 4 4 5 5 5 2 3 4 3 4 5 2 3 4 4 2 2 4 4 2 5 3 4 3 2 5 4 2 3 4 3 3 4 5 4 2 3 4 4 2 1 3 4 2 2 4 4 4 4 2 3 3 4 2 4 2 1 -1 1 2 -1 -1 -2 -1 1 -2 1 -2 -1 -2 1 -2 1 2 -1 2 -1 2 1 2.8 4 4.375 4.42857142857143 35 11 26
"159" 9 6212 "男" "2001.09" "汉族" "本科（含本科在读）" 10000 4 4 "否" "" "" 4 4 3 2 4 3 4 4 4 4 4 3 4 4 4 3 4 4 4 4 3 3 4 3 2 1 5 4 5 2 2 2 4 4 2 2 4 2 2 4 4 4 4 1 4 4 4 4 3 2 4 4 3 4 2 2 2 4 4 4 4 4 4 3 4 4 4 3 3 4 3 1 3 4 2 2 2 4 4 4 4 4 4 4 3 3 3 1 2 2 1 1 3 -1 2 2 3 2 -1 2 2 -1 -1 -1 -2 -1 -1 2 2 2 -3 4 3.57142857142857 3.75 2.85714285714286 30 31 28
"161" 9 659 "男" "1999.08" "汉族" "硕士（含硕士在读）" 12000 3 4 "否" "" "" 3 4 3 4 4 3 5 4 3 3 4 2 4 5 4 4 3 4 4 3 4 5 4 3 3 2 4 3 5 3 3 4 4 5 4 3 3 4 2 4 3 3 4 1 3 4 3 2 3 3 2 4 3 4 3 3 5 4 4 3 5 3 4 3 4 5 4 3 2 4 3 4 3 2 2 1 3 4 5 4 4 5 3 4 2 3 3 1 2 -1 1 -2 1 1 2 1 2 -1 -1 2 1 2 3 1 -3 1 -1 2 1 1 -2 3.4 3.85714285714286 3.75 3.42857142857143 26 29 31
"162" 9 611 "女" "2003.03" "汉族" "本科（含本科在读）" 18 6 6 "否" "" "" 2 1 2 5 2 2 4 5 2 2 5 4 1 4 5 4 2 4 4 5 4 2 4 2 5 4 5 5 4 1 4 2 4 5 1 5 4 2 2 5 1 5 2 1 5 1 5 4 1 1 5 2 2 5 1 5 1 2 5 4 1 5 2 1 5 2 3 5 2 5 4 2 4 1 2 5 2 2 5 5 1 2 5 5 2 2 5 3 -2 -1 3 2 -1 -1 -2 2 -1 -2 -2 -2 -3 -1 -1 -2 3 2 1 2 -1 3 -2 1.8 2.42857142857143 4.375 4.28571428571429 44 14 11
"163" 9 6102 "男" "2003.01" "汉族" "本科（含本科在读）" 10000 4 4 "否" "" "" 4 5 3 2 1 4 4 4 2 4 5 4 1 4 5 5 2 4 4 4 2 4 4 3 2 2 4 4 4 2 4 2 4 4 2 4 4 2 2 4 2 4 4 2 4 2 5 2 2 2 4 2 2 3 2 4 1 3 4 4 2 5 2 2 4 2 4 5 2 4 5 1 4 2 1 2 2 2 4 5 2 1 4 4 2 2 4 2 -1 -1 2 1 -2 2 -1 2 2 -2 -1 -2 -1 -1 -1 -2 1 2 -2 1 2 2 -1 2 4 3.875 3.28571428571429 37 15 21
"164" 9 6275 "男" "2001.03" "汉族" "本科（含本科在读）" 15000 6 5 "否" "" "" 3 4 2 5 2 3 3 4 2 4 2 4 3 4 2 4 5 4 2 4 4 4 3 4 3 4 2 4 4 2 4 3 4 5 4 5 5 4 2 5 3 4 4 2 5 3 4 4 3 2 3 3 3 4 3 2 2 3 4 5 5 4 3 2 5 4 5 4 2 4 4 3 3 4 1 2 2 4 5 4 4 2 4 5 3 2 3 1 2 2 -1 2 1 1 2 2 1 2 1 1 -1 1 2 -1 -1 1 2 2 1 2 -2 3 3.85714285714286 2.5 4 32 34 29
"165" 9 6331 "女" "2000.05" "汉族" "硕士（含硕士在读）" 20000 6 6 "否" "" "" 2 2 2 2 2 2 2 4 2 2 2 4 2 4 2 4 4 4 2 4 3 4 4 2 3 4 3 2 4 2 4 2 2 4 3 3 4 3 2 4 2 2 4 2 4 4 4 2 2 2 2 3 3 4 2 4 4 4 4 4 4 4 3 2 4 4 3 4 2 4 4 3 2 2 2 2 2 4 4 4 4 3 3 4 2 2 2 1 -1 -1 -1 1 -1 -1 -1 1 1 -1 1 1 -1 -1 -1 -2 -2 1 1 2 -2 1 -2 2.4 2.85714285714286 2.5 3.57142857142857 28 18 19
"167" 9 6150 "男" "2003.1" "汉族" "本科（含本科在读）" 5000 3 3 "否" "" "" 3 4 2 2 2 4 4 5 4 3 4 2 2 4 4 5 4 4 4 4 4 4 5 4 4 4 5 2 4 3 4 3 4 4 3 4 4 2 2 4 2 4 3 2 4 4 2 3 2 2 3 4 2 4 3 4 2 5 4 4 2 4 3 2 4 2 4 4 2 4 4 2 3 2 3 4 3 4 4 4 2 3 4 4 3 2 4 1 -1 1 -1 1 1 -1 1 1 1 1 -1 1 1 1 -1 1 1 1 -1 1 2 1 -1 3 3.85714285714286 3.875 3.85714285714286 30 31 22
"168" 9 2313 "男" "1996.1" "汉族" "硕士（含硕士在读）" 10000 5 6 "否" "" "" 4 4 4 2 3 2 4 4 3 4 4 2 4 5 4 4 4 4 4 5 3 5 4 4 4 3 4 3 5 1 3 1 5 5 2 2 4 2 4 4 2 5 5 1 5 4 5 2 4 2 3 1 4 4 5 5 1 5 4 5 5 5 4 3 5 5 4 3 5 4 4 2 4 3 2 2 2 4 4 5 4 1 3 4 2 2 5 2 1 1 -1 3 2 -1 -1 2 2 -2 3 3 -1 -1 -1 -1 -1 -1 3 3 1 2 2 3.6 4 4.125 3.14285714285714 33 27 31
"169" 9 666 "男" "2000.06" "汉族" "本科（含本科在读）" 8000 3 2 "否" "" "" 3 4 3 3 4 2 5 4 3 3 4 2 3 4 4 4 5 3 4 3 5 5 4 3 3 2 4 3 5 3 3 4 4 5 4 3 3 3 2 4 3 3 5 2 3 5 3 1 2 3 2 3 3 4 3 3 4 4 5 4 5 3 4 3 4 3 4 3 2 4 4 4 3 2 1 2 3 4 5 4 4 3 4 5 3 3 2 1 1 -1 2 -3 1 -1 1 1 2 1 -1 2 1 -1 2 1 -3 1 -1 2 1 1 -3 3.6 3.42857142857143 3.75 3.42857142857143 26 27 26
"170" 9 6326 "女" "1997.07" "汉族" "硕士（含硕士在读）" 5000 3 3 "否" "" "" 2 3 1 2 2 2 5 5 2 2 4 2 1 4 4 5 3 4 4 3 2 4 5 4 3 2 4 1 4 4 1 3 1 4 4 2 5 5 1 3 4 2 3 2 2 4 3 1 1 2 4 2 4 3 2 1 4 3 3 2 4 2 2 3 2 4 2 2 3 3 1 4 1 5 3 2 3 5 4 4 3 3 2 5 3 4 3 -1 1 -1 -2 -2 3 -2 2 2 1 -1 -2 3 2 1 -1 1 -3 -2 1 3 -2 -1 -3 2 3.28571428571429 3.5 3.28571428571429 18 28 23
"171" 9 685 "男" "2000.08" "汉族" "本科（含本科在读）" 8000 3 3 "否" "" "" 3 4 3 3 4 2 4 5 3 3 4 2 3 4 4 4 5 4 4 3 4 5 4 3 2 2 4 3 5 2 3 4 4 5 4 3 3 3 2 4 3 3 4 2 4 3 2 2 2 3 2 4 3 4 3 4 4 4 5 4 4 3 4 3 4 4 3 3 2 4 3 5 3 2 3 2 4 4 5 4 4 4 4 3 2 3 3 1 2 -1 1 -2 1 -1 2 2 1 -1 -1 3 1 2 3 1 -3 1 -1 2 1 1 -2 3.6 3.57142857142857 3.5 3.42857142857143 27 30 28
"173" 9 6339 "女" "1998.1" "汉族" "硕士（含硕士在读）" 2000 2 1 "否" "" "" 5 3 4 2 3 2 3 5 5 4 4 2 2 5 3 5 5 5 3 5 2 5 5 5 5 1 3 1 4 5 1 3 2 3 5 1 2 5 2 2 5 2 3 2 1 5 4 1 3 5 1 5 5 1 5 1 5 5 5 1 5 5 3 3 1 3 3 1 3 3 2 3 1 5 4 2 2 5 3 3 4 4 1 3 3 3 1 2 2 2 1 -3 1 2 1 1 2 2 1 1 1 1 1 3 -2 -1 -1 2 2 1 2 4 4.14285714285714 3.75 3.14285714285714 25 35 36
"174" 9 6278 "女" "2000.05" "汉族" "硕士（含硕士在读）" 8000 4 3 "否" "" "" 2 2 4 2 2 1 2 5 4 2 1 3 2 4 1 5 4 4 2 5 2 4 5 2 2 3 2 3 1 2 2 4 4 3 5 2 2 5 4 4 2 4 2 4 3 4 3 2 4 4 2 1 4 3 4 2 3 4 2 2 4 2 4 3 2 3 4 2 2 4 3 4 4 4 5 2 2 5 3 2 3 1 2 2 3 2 2 -2 1 -2 -1 -2 2 3 -1 2 2 -1 2 2 2 2 2 2 2 2 2 2 2 2 2 2.8 2.71428571428571 2.375 3.57142857142857 29 30 40
"175" 9 6105 "男" "2004.08" "汉族" "本科（含本科在读）" 8000 4 5 "否" "" "" 2 1 4 3 1 3 4 5 1 2 3 5 2 1 4 5 4 5 4 4 5 2 5 2 1 3 4 4 5 1 4 1 5 4 2 5 4 2 3 4 2 5 2 1 4 2 4 3 3 2 5 2 2 4 1 5 2 2 4 5 2 4 2 1 4 2 5 4 2 5 5 2 4 2 1 4 1 2 4 5 2 1 4 5 2 1 4 2 -2 -3 1 2 -1 -1 -2 2 1 -2 -1 -2 -3 -2 -3 -3 2 -2 -1 2 -2 3 -1 2 2.28571428571429 3.5 4.42857142857143 36 7 13
"176" 9 615 "男" "2003.06" "汉族" "本科（含本科在读）" 12000 4 5 "否" "" "" 2 4 3 4 2 4 4 4 3 3 4 4 2 3 4 4 3 4 4 3 3 2 4 3 4 2 4 3 4 2 3 2 4 3 2 4 4 2 2 4 2 4 4 2 4 3 3 2 2 3 4 3 2 4 2 4 2 4 4 4 3 3 2 1 4 3 4 4 2 3 4 2 4 2 2 3 2 4 4 4 3 2 4 5 2 2 4 1 1 -1 2 1 -1 -1 -1 2 1 -1 -1 -1 -3 -1 2 -1 -1 2 2 2 -1 1 -1 2.4 3.28571428571429 3.75 3.57142857142857 34 19 21
"177" 9 629 "男" "2003.03" "汉族" "本科（含本科在读）" 9500 3 4 "否" "" "" 2 4 4 2 2 3 4 5 3 3 4 4 2 3 4 5 3 4 4 4 4 2 4 4 4 2 4 4 5 2 4 2 5 3 2 4 4 2 1 4 2 4 4 2 5 2 3 2 1 2 4 3 1 3 2 4 2 3 4 5 3 4 3 2 4 2 3 4 2 5 5 2 3 2 2 3 2 3 4 5 2 2 4 5 2 2 4 2 1 1 2 -1 -1 -1 1 2 1 1 -1 1 -1 -1 2 1 -2 1 2 2 2 -1 -1 2.4 3.28571428571429 4 3.71428571428571 29 32 23
"179" 9 6257 "女" "1998.09" "汉族" "硕士（含硕士在读）" 7000 5 4 "是" "英国" "0.6个月" 3 3 4 2 3 4 2 2 3 3 3 2 2 4 4 4 4 4 4 4 2 4 4 4 2 2 2 2 4 3 4 2 3 5 4 4 4 2 2 3 4 3 4 1 3 4 3 3 2 3 2 4 3 4 4 2 2 4 4 3 3 3 3 3 3 4 3 3 3 4 2 2 2 2 2 2 2 3 5 3 4 2 3 5 4 4 3 1 -1 1 1 -1 -1 1 1 1 1 1 1 -1 1 1 2 -1 -1 1 1 1 1 1 -1 3 3.71428571428571 3.125 2.57142857142857 28 28 27
"180" 9 6207 "女" "2002.04" "汉族" "本科（含本科在读）" 4000 5 4 "否" "" "" 1 1 3 4 1 1 5 4 2 2 2 5 1 3 5 4 4 4 4 3 2 3 5 2 3 5 5 5 5 5 1 1 5 5 4 2 5 1 2 4 5 4 1 1 3 4 4 4 2 2 4 1 2 5 2 1 2 3 4 4 4 5 2 2 5 3 4 4 1 5 2 2 4 2 2 3 1 2 5 4 2 2 5 5 2 5 4 2 -2 3 2 2 -3 -2 -3 3 1 -3 -3 -2 -2 -3 -3 -3 2 1 -3 3 -1 3 -2 1.8 2.28571428571429 3.75 4.14285714285714 42 9 8
"181" 9 6258 "男" "2004.03" "汉族" "本科（含本科在读）" 15000 5 5 "否" "" "" 2 4 2 4 1 4 5 4 2 1 4 5 1 4 4 4 5 5 5 4 5 4 5 3 2 3 5 2 4 3 4 4 3 5 4 4 4 1 4 5 5 4 4 1 3 4 1 2 4 5 4 5 2 4 3 4 2 4 5 3 2 2 2 3 4 3 4 4 2 4 4 3 4 4 4 3 1 5 5 4 2 3 4 4 2 2 4 2 -1 2 2 2 -1 -1 2 -1 2 -1 -1 1 2 2 1 -1 1 2 1 2 1 2 -1 2.2 3.57142857142857 3.875 4.28571428571429 36 31 24
"182" 9 6315 "女" "1999.03" "汉族" "硕士（含硕士在读）" 10000 4 4 "否" "" "" 2 2 3 2 2 2 2 2 2 1 4 2 2 3 4 2 2 5 3 4 4 2 4 1 1 2 4 2 4 4 2 1 3 4 4 3 5 2 2 3 4 4 4 2 2 5 5 1 1 3 4 4 4 4 4 2 1 5 4 2 4 4 2 2 2 4 4 2 2 2 2 1 2 4 3 1 1 5 4 3 3 2 2 2 4 2 4 2 -1 -2 -2 -1 1 -2 -2 2 -1 -2 1 1 -2 -2 -2 -3 2 1 -2 3 -2 1 -3 2 2.28571428571429 3.125 2.57142857142857 32 10 15
"183" 9 6147 "女" "1998.03" "汉族" "硕士（含硕士在读）" 10000 5 6 "否" "" "" 2 4 2 1 1 2 2 5 3 4 4 2 2 4 4 4 4 5 4 4 5 4 4 4 4 2 4 5 5 4 4 1 5 5 4 5 5 1 4 4 5 4 3 1 3 3 5 3 3 4 5 1 1 4 2 2 1 2 4 3 3 5 2 2 4 2 5 4 3 4 3 1 4 2 2 3 1 4 4 4 2 1 5 3 3 4 5 1 -1 -1 1 -1 -1 -3 1 -1 -1 -1 1 1 -1 1 1 1 -1 -1 -1 1 1 1 1 2.4 3.85714285714286 3.5 3.28571428571429 24 26 20
"184" 9 6126 "女" "199810" "汉族" "硕士（含硕士在读）" 10000 6 5 "否" "" "" 2 2 1 3 1 1 4 4 3 2 1 4 2 4 3 4 3 4 2 4 1 3 4 2 2 2 2 1 5 1 2 3 1 4 1 2 2 2 1 4 2 1 5 1 5 3 1 1 1 1 3 2 2 4 2 3 1 5 4 5 2 1 2 2 4 2 2 3 2 4 3 4 1 4 1 3 2 4 4 4 2 2 3 4 3 3 2 1 -3 -3 -1 3 -1 -3 -3 1 1 -3 -3 -1 -3 -2 -1 -2 -1 1 -2 2 -3 1 -2 2.2 2.57142857142857 2.375 3.14285714285714 31 5 9
"185" 9 6300 "男" "2004.07" "汉族" "本科（含本科在读）" 7000 6 7 "否" "" "" 3 5 4 4 1 5 2 4 5 4 2 5 1 4 2 5 4 4 2 4 5 5 4 4 4 5 2 5 5 2 4 2 4 4 3 4 4 2 1 4 3 4 3 1 5 2 4 4 3 2 4 2 2 4 3 4 2 4 4 5 3 4 2 4 5 3 4 5 2 4 5 2 4 2 2 4 1 2 5 5 3 2 5 4 4 2 5 3 -2 -1 3 3 -2 -1 -2 2 1 -2 -1 -2 -2 -2 2 -2 1 2 2 2 2 2 -2 2.8 4.42857142857143 2.75 4.57142857142857 42 17 17
"186" 9 6273 "女" "1999.11" "汉族" "硕士（含硕士在读）" 20000 4 4 "否" "" "" 3 4 3 4 2 2 3 4 3 4 4 4 2 4 4 4 4 4 4 4 4 4 4 4 4 2 3 4 4 3 2 1 4 4 4 3 4 2 2 4 2 4 2 2 2 4 5 2 2 4 4 4 2 4 2 3 2 2 4 3 4 4 2 4 3 4 3 4 2 4 3 2 4 2 2 2 2 4 4 4 4 4 3 3 2 2 4 1 -1 -1 2 -1 -1 -1 -1 1 1 1 -1 1 1 1 -1 1 -1 1 -2 2 1 2 -2 2.8 3.71428571428571 3.625 3.71428571428571 31 25 19
"187" 9 6229 "女" "1999.08" "汉族" "硕士（含硕士在读）" 13000 6 6 "否" "" "" 2 4 2 2 2 2 4 4 2 3 4 2 1 4 4 4 3 4 4 4 3 5 4 4 2 2 4 2 4 2 4 2 3 4 2 4 3 4 4 4 4 4 4 2 4 4 3 4 3 2 3 3 4 3 2 2 2 4 3 3 4 4 3 4 4 2 3 3 4 4 3 2 2 4 3 2 2 2 4 4 4 4 3 3 2 2 4 1 -2 -1 1 2 -1 -1 1 1 1 -1 -1 1 -1 1 2 1 -1 1 1 2 1 1 -1 2 3.71428571428571 3.5 3 32 28 20
"188" 9 612 "男" "2000.1" "汉族" "本科（含本科在读）" 10000 4 5 "是" "泰国" "6" 3 3 4 5 1 4 3 3 3 4 3 5 1 4 3 4 4 4 4 5 5 4 4 3 4 5 2 4 4 2 3 1 4 4 2 5 5 3 5 4 2 4 4 4 4 4 4 4 3 3 4 4 2 4 2 5 1 4 4 5 4 4 3 4 4 2 3 4 3 4 5 4 4 2 2 3 3 2 4 4 4 4 4 4 3 2 4 2 -1 2 1 1 1 1 2 -1 1 1 -1 1 -1 1 1 -1 1 1 -1 1 -1 1 1 2.4 3.71428571428571 3.5 4.42857142857143 31 28 26
"189" 9 6186 "男" "1997.1" "汉族" "本科（含本科在读）" 7000 5 4 "否" "" "" 1 2 2 4 1 2 4 5 1 1 4 5 1 5 2 5 2 3 2 4 4 2 5 1 2 5 2 1 5 2 4 2 4 5 2 4 4 2 1 4 2 4 5 1 4 2 3 1 1 2 4 2 1 5 2 4 1 4 5 4 2 3 2 1 5 1 4 4 1 5 5 1 2 1 1 4 2 4 5 4 1 1 4 4 1 1 4 2 -2 -3 1 1 -3 -2 -3 3 -2 -3 -2 -3 -2 -2 -1 -3 2 2 -1 3 -2 3 -2 1.2 2.28571428571429 2.75 4.71428571428571 41 4 8
"190" 9 6168 "男" "2001.06" "汉族" "本科（含本科在读）" 5000 4 4 "否" "" "" 3 4 3 4 2 3 4 5 3 4 3 4 2 4 2 5 4 5 4 3 3 4 5 5 2 4 3 2 4 2 4 1 4 5 2 4 5 2 1 4 2 4 2 1 4 2 4 3 2 3 4 3 2 5 2 4 1 3 5 4 2 4 2 1 4 3 4 3 2 5 4 2 2 1 2 2 1 2 4 5 2 1 3 4 2 1 4 2 -2 1 3 1 -2 -1 2 3 2 1 -2 -1 2 1 -1 2 2 3 -2 3 1 3 2 2.8 4.14285714285714 3 4.28571428571429 44 29 22
"191" 9 6166 "女" "1995.08" "汉族" "硕士（含硕士在读）" 25000 7 7 "否" "" "" 2 3 2 4 2 3 2 4 2 3 2 4 2 3 2 4 4 2 2 4 3 3 4 3 2 4 2 3 4 2 4 2 4 3 2 4 4 2 3 4 2 4 3 2 4 3 4 4 3 2 4 2 2 3 2 3 2 2 4 4 4 4 2 4 4 4 4 4 3 4 4 2 4 3 2 3 2 2 3 4 3 2 4 4 2 2 4 2 -2 -1 1 1 -2 -2 -1 2 1 -1 -2 -2 -2 -1 -1 -1 2 2 -1 2 1 2 -1 2.4 2.85714285714286 2.25 3.85714285714286 38 17 13
"192" 9 6209 "男" "2000.01" "汉族" "硕士（含硕士在读）" 20000 3 3 "是" "英国" "0.5个月" 2 4 2 2 2 3 3 2 2 2 4 2 2 4 2 4 3 4 4 4 2 2 4 3 2 2 3 2 4 2 4 2 4 4 4 4 4 4 2 4 2 4 4 2 4 4 4 4 2 4 2 2 2 4 2 4 2 4 2 4 4 4 4 2 4 4 4 4 4 4 4 2 2 4 3 2 2 3 4 4 4 2 4 2 2 2 4 -1 -1 -1 -1 -1 1 -1 -1 -1 -1 -1 -1 1 -1 -1 -1 -1 -1 -1 -1 1 1 -1 -1 2.2 3.14285714285714 3 2.57142857142857 18 20 18
